"species","x","y","bio1","bio10","bio11","bio12","bio13","bio14","bio15","bio16","bio17","bio18","bio19","bio2","bio3","bio4","bio5","bio6","bio7","bio8","bio9"
"background",1,1,98,212,-12,237,35,5,46,95,22,32,89,147,36,8699,329,-71,400,-2,207
"background",2,2,92,201,-6,228,27,8,27,72,32,42,64,176,42,8079,332,-83,415,123,195
"background",3,3,57,158,-34,352,41,13,30,120,49,62,109,170,42,7513,287,-109,396,-26,153
"background",4,4,100,195,10,362,61,7,58,164,29,31,163,174,45,7201,326,-58,384,16,191
"background",5,5,64,152,-18,442,70,10,51,192,45,53,175,170,46,6680,282,-86,368,-12,149
"background",6,6,73,167,-15,366,53,9,47,148,37,42,147,171,44,7121,297,-87,384,-7,164
"background",7,7,161,236,83,295,58,1,82,150,5,5,150,152,47,6018,346,24,322,83,236
"background",8,8,112,221,11,129,16,6,25,44,23,29,32,179,43,8181,344,-71,415,148,214
"background",9,9,146,182,113,375,77,0,90,216,2,8,200,133,63,2714,251,41,210,117,177
"background",10,10,148,218,83,357,73,1,92,202,3,9,199,186,54,5365,342,-1,343,94,217
"background",11,11,222,322,126,82,16,0,62,33,3,23,27,158,43,7730,414,47,367,320,253
"background",12,12,182,230,142,362,82,0,98,227,4,11,210,116,53,3432,293,78,215,146,222
"background",13,13,70,154,-4,651,115,11,67,308,42,42,308,150,45,6318,262,-68,330,-4,154
"background",14,14,69,172,-22,284,30,12,25,85,44,55,81,168,42,7662,297,-97,394,-15,169
"background",15,15,68,164,-16,361,44,11,33,126,44,54,115,156,42,7108,281,-85,366,-9,161
"background",16,16,80,189,-19,272,31,10,28,84,40,50,75,165,40,8079,315,-92,407,-11,183
"background",17,17,94,200,-4,155,18,7,22,48,28,45,33,171,42,7945,316,-87,403,194,42
"background",18,18,162,237,84,472,102,1,86,249,7,7,249,141,45,6053,345,33,312,84,237
"background",19,19,98,183,17,646,103,4,63,288,38,38,284,178,48,6523,311,-57,368,21,183
"background",20,20,172,257,86,184,35,0,82,102,3,3,94,159,45,6755,368,22,346,105,257
"background",21,21,103,166,50,1720,302,4,80,880,37,58,837,135,51,4609,263,-1,264,54,163
"background",22,22,186,294,84,150,20,3,39,51,16,38,46,128,36,8250,380,25,355,100,221
"background",23,23,70,168,-18,278,34,11,30,96,41,47,93,164,42,7347,289,-93,382,-10,166
"background",24,24,108,217,5,135,15,6,21,41,24,40,27,178,42,8251,337,-81,418,211,51
"background",25,25,53,138,-24,507,78,13,47,213,53,63,195,160,45,6445,262,-88,350,-17,138
"background",26,26,81,176,-6,396,53,10,42,155,41,50,145,156,42,7131,292,-73,365,1,173
"background",27,27,168,253,85,239,48,1,86,132,3,3,127,176,48,6621,375,10,365,101,253
"background",28,28,69,159,-13,302,48,12,49,129,39,39,129,161,45,6714,267,-88,355,-13,159
"background",29,29,90,195,-6,234,28,9,26,75,38,48,58,176,43,7803,326,-81,407,123,188
"background",30,30,99,180,28,1073,185,5,77,535,36,46,520,160,48,6103,299,-33,332,33,179
"background",31,31,107,171,49,1749,314,8,78,901,53,69,843,137,50,4858,271,-1,272,53,171
"background",32,32,129,185,77,1163,238,2,88,624,14,26,614,142,53,4314,282,18,264,81,184
"background",33,33,81,190,-16,304,35,14,23,99,51,59,77,157,39,8099,309,-87,396,63,186
"background",34,34,162,252,79,183,31,1,66,88,11,11,85,168,46,6868,362,0,362,91,226
"background",35,35,186,298,78,103,18,3,56,47,11,15,46,166,40,8585,402,-7,409,100,273
"background",36,36,171,257,83,171,33,0,79,93,3,3,86,163,45,6819,367,12,355,103,257
"background",37,37,181,246,128,373,75,3,83,208,11,19,195,156,54,4637,340,53,287,133,239
"background",38,38,101,159,51,1559,272,6,76,781,48,63,734,127,51,4281,246,0,246,55,156
"background",39,39,112,220,13,126,16,8,20,41,25,33,29,179,43,8071,341,-72,413,146,56
"background",40,40,110,206,25,272,44,5,60,124,25,32,124,142,41,7181,303,-41,344,35,180
"background",41,41,88,194,-10,287,29,15,14,79,63,69,69,175,42,7975,312,-98,410,35,121
"background",42,42,153,203,110,526,118,0,101,322,2,7,312,127,54,3647,276,44,232,114,197
"background",43,43,142,242,53,265,39,5,42,91,29,71,85,128,38,7460,328,-6,334,63,169
"background",44,44,108,212,12,205,23,10,21,63,40,51,60,157,41,7856,317,-65,382,26,140
"background",45,45,109,218,8,137,15,6,22,42,25,38,31,165,41,8181,329,-72,401,211,55
"background",46,46,109,185,39,1274,233,6,78,661,43,53,626,158,49,5785,303,-18,321,43,184
"background",47,47,186,292,86,142,22,2,45,48,14,39,45,136,37,8098,381,21,360,102,220
"background",48,48,140,166,113,428,87,1,90,238,3,10,234,116,64,2135,232,53,179,116,160
"background",49,49,105,214,4,135,16,6,23,43,24,29,37,180,42,8189,339,-80,419,141,207
"background",50,50,163,253,81,885,154,4,73,425,30,30,415,144,42,6841,359,21,338,86,253
"background",51,51,165,244,85,201,37,0,82,103,2,2,103,159,47,6289,355,20,335,102,244
"background",52,52,171,263,86,235,37,2,56,103,19,26,102,168,46,6998,373,10,363,98,237
"background",53,53,149,188,114,463,96,0,96,273,2,7,255,120,59,2953,250,48,202,116,182
"background",54,54,33,135,-56,469,49,29,15,138,92,98,127,156,40,7542,248,-133,381,10,132
"background",55,55,179,284,79,90,16,1,58,41,7,14,41,159,41,8026,388,2,386,97,212
"background",56,56,209,277,148,63,19,0,90,28,1,27,26,170,55,4947,366,62,304,261,214
"background",57,57,95,157,42,1607,279,5,77,808,43,62,761,135,51,4594,253,-9,262,46,155
"background",58,58,70,172,-22,278,31,10,26,89,42,53,80,169,42,7558,298,-97,395,-16,166
"background",59,59,112,220,10,197,19,12,11,55,46,48,47,178,42,8170,338,-78,416,62,194
"background",60,60,161,256,75,200,39,1,83,110,7,7,105,150,42,7144,352,-1,353,89,256
"background",61,61,111,153,76,1925,325,12,70,925,82,95,866,97,53,3045,212,31,181,81,149
"background",62,62,112,197,35,1449,251,7,76,711,44,44,694,161,46,6488,315,-30,345,40,197
"background",63,63,219,321,120,113,19,1,52,41,6,30,38,153,41,7910,413,43,370,318,252
"background",64,64,163,240,86,497,114,1,88,270,6,9,270,135,43,6066,345,36,309,86,239
"background",65,65,48,150,-50,347,41,17,26,109,57,69,98,177,42,7814,280,-135,415,-39,147
"background",66,66,207,308,112,102,18,0,52,41,6,30,31,162,43,7698,408,32,376,303,239
"background",67,67,172,256,92,265,49,0,82,146,3,3,131,147,44,6486,354,23,331,106,256
"background",68,68,142,222,71,494,92,1,85,267,5,15,254,164,48,6026,336,0,336,80,221
"background",69,69,111,192,41,949,177,2,77,473,23,23,473,150,46,6131,302,-19,321,41,192
"background",70,70,167,252,93,330,56,2,67,160,20,41,150,165,48,6293,359,19,340,102,223
"background",71,71,160,238,82,479,101,1,84,258,13,13,258,152,47,6225,344,21,323,82,238
"background",72,72,183,238,133,419,89,0,94,251,6,15,231,144,54,4081,320,56,264,139,232
"background",73,73,216,327,107,63,9,1,41,22,6,17,21,162,40,8596,426,21,405,130,256
"background",74,74,81,181,-8,331,35,14,24,105,59,76,101,156,42,7424,287,-84,371,2,108
"background",75,75,72,175,-22,287,33,11,30,96,41,53,86,173,42,7643,306,-97,403,-15,169
"background",76,76,170,256,83,283,55,0,83,152,3,3,143,152,44,6816,364,24,340,100,256
"background",77,77,140,220,68,796,170,1,89,436,10,10,436,157,47,6059,335,6,329,68,220
"background",78,78,71,176,-28,296,31,21,12,89,68,69,68,168,41,7968,293,-110,403,55,-28
"background",79,79,130,153,107,510,125,1,95,299,5,20,281,92,60,1848,206,54,152,107,146
"background",80,80,227,313,142,74,13,0,61,30,2,25,30,169,48,6676,405,59,346,142,248
"background",81,81,221,312,136,112,22,0,68,57,4,21,49,170,47,6933,409,49,360,147,284
"background",82,82,191,289,103,156,27,1,49,56,10,43,51,147,42,7381,382,32,350,286,218
"background",83,83,155,240,77,355,70,1,87,195,3,3,188,178,48,6449,365,1,364,91,240
"background",84,84,89,165,23,1118,188,12,65,539,68,73,481,141,46,5686,275,-26,301,26,165
"background",85,85,74,162,-8,368,55,8,46,151,37,46,138,160,44,6703,278,-78,356,-3,160
"background",86,86,101,204,7,232,25,11,21,71,44,57,68,160,41,7738,310,-71,381,20,132
"background",87,87,141,176,111,481,97,0,93,276,2,8,259,115,61,2622,236,49,187,112,169
"background",88,88,76,175,-14,289,34,10,29,98,40,49,90,162,42,7428,296,-85,381,-7,172
"background",89,89,83,187,-12,241,29,9,26,78,38,47,69,170,42,7755,313,-87,400,-7,181
"background",90,90,155,216,104,293,58,1,82,162,8,21,143,149,55,4371,300,30,270,107,187
"background",91,91,165,246,83,295,61,0,84,154,3,3,154,147,44,6422,355,28,327,83,246
"background",92,92,137,216,71,538,102,0,89,296,4,14,280,137,45,5758,310,9,301,77,212
"background",93,93,221,318,128,87,16,0,56,35,3,23,29,161,44,7506,411,48,363,283,250
"background",94,94,172,283,67,116,17,4,39,42,19,26,42,159,39,8475,383,-15,398,87,211
"background",95,95,108,215,9,169,18,10,17,49,34,44,43,160,40,8037,322,-69,391,209,55
"background",96,96,191,300,89,143,19,2,41,49,15,34,44,130,36,8297,387,27,360,105,227
"background",97,97,79,189,-24,245,31,14,23,80,44,63,44,181,41,8283,318,-113,431,114,-15
"background",98,98,164,244,83,366,69,1,81,182,6,6,182,149,45,6337,355,27,328,83,244
"background",99,99,61,166,-40,313,38,14,27,96,48,60,87,180,42,7995,298,-124,422,-30,161
"background",100,100,161,239,82,484,102,1,83,260,13,13,260,152,46,6255,345,21,324,82,239
"background",101,101,162,238,84,331,66,1,82,170,5,5,170,147,46,6097,344,28,316,84,238
"background",102,102,163,241,83,472,97,1,85,244,7,7,244,147,45,6263,353,28,325,83,241
"background",103,103,43,146,-54,358,42,19,24,111,62,74,101,175,42,7807,274,-138,412,-43,143
"background",104,104,180,251,120,121,23,1,57,46,5,43,43,167,54,5070,342,38,304,232,185
"background",105,105,91,171,19,1109,192,5,72,528,39,39,521,153,46,6122,285,-42,327,25,171
"background",106,106,221,320,127,74,14,0,55,31,3,20,24,167,45,7598,415,45,370,285,251
"background",107,107,103,160,54,1761,310,9,75,886,61,79,825,122,51,4229,246,7,239,58,159
"background",108,108,133,208,74,330,51,1,55,137,21,92,123,142,49,5329,293,6,287,75,139
"background",109,109,81,171,-4,342,56,6,50,148,33,43,134,156,43,6886,288,-70,358,1,169
"background",110,110,96,203,-2,145,16,8,18,43,28,42,31,175,42,7976,320,-87,407,196,43
"background",111,111,61,171,-43,306,36,18,18,93,60,68,75,160,39,8293,290,-119,409,94,165
"background",112,112,63,152,-16,416,64,13,45,173,48,59,156,157,44,6619,272,-79,351,-10,149
"background",113,113,75,157,5,1215,221,6,75,595,40,46,595,140,44,6163,263,-52,315,5,157
"background",114,114,225,322,132,112,19,1,51,44,6,30,34,151,42,7497,410,56,354,320,255
"background",115,115,143,248,43,161,26,5,50,70,20,23,70,159,41,7989,351,-35,386,43,223
"background",116,116,45,144,-46,379,44,16,29,127,56,68,116,177,44,7416,275,-127,402,-36,140
"background",117,117,95,202,-2,243,29,7,30,79,32,43,70,171,42,7939,330,-74,404,3,195
"background",118,118,107,212,11,192,24,7,31,67,27,32,67,173,43,7828,334,-65,399,18,207
"background",119,119,59,147,-20,480,61,10,40,176,49,58,164,160,44,6623,266,-91,357,-12,146
"background",120,120,111,217,11,202,19,12,13,56,45,50,52,172,42,8065,331,-74,405,28,145
"background",121,121,46,140,-40,362,41,14,26,117,56,67,106,161,43,7047,261,-110,371,-32,137
"background",122,122,75,166,-10,395,50,9,41,148,40,50,138,165,44,6919,289,-82,371,-3,164
"background",123,123,61,162,-30,321,36,12,28,104,48,60,94,172,43,7486,292,-105,397,-23,157
"background",124,124,94,198,-3,204,20,13,12,57,43,53,48,169,42,7825,311,-86,397,192,44
"background",125,125,112,221,11,133,17,8,20,44,27,35,28,180,43,8163,344,-74,418,146,54
"background",126,126,149,209,90,344,69,1,87,183,5,9,183,154,53,4667,308,21,287,90,206
"background",127,127,166,210,129,232,46,0,86,128,2,5,121,114,56,3129,269,66,203,130,202
"background",128,128,129,207,64,553,103,1,84,289,6,16,283,186,52,5795,337,-14,351,70,206
"background",129,129,62,157,-23,217,26,11,22,72,43,49,72,164,44,7029,268,-102,370,-23,118
"background",130,130,56,144,-20,591,96,14,60,262,52,52,262,150,44,6513,246,-89,335,-10,144
"background",131,131,150,235,72,520,111,1,85,284,14,14,284,160,46,6503,345,2,343,72,235
"background",132,132,128,168,89,1081,224,2,88,583,13,20,572,108,57,3113,230,41,189,94,163
"background",133,133,172,258,84,180,35,0,80,99,2,2,93,159,45,6856,369,19,350,103,258
"background",134,134,132,238,35,181,23,7,29,60,31,44,59,156,41,7967,339,-40,379,50,166
"background",135,135,99,205,1,179,19,7,26,56,29,34,55,175,42,7990,330,-79,409,6,200
"background",136,136,142,169,110,504,108,1,87,270,7,38,270,77,51,2339,219,70,149,110,162
"background",137,137,100,141,67,1817,316,4,79,924,39,58,888,98,54,2996,203,22,181,71,137
"background",138,138,167,215,127,308,59,2,86,171,9,14,161,121,55,3439,279,62,217,130,207
"background",139,139,92,175,19,1178,204,8,73,567,46,46,560,160,47,6253,292,-47,339,23,175
"background",140,140,61,157,-26,294,33,11,25,91,47,58,80,166,44,7163,279,-98,377,-19,152
"background",141,141,60,153,-25,366,45,11,35,131,44,52,123,163,43,7024,276,-97,373,-17,151
"background",142,142,148,235,69,725,133,2,82,369,10,10,369,158,45,6647,349,5,344,69,235
"background",143,143,86,195,-16,290,33,15,20,93,54,59,71,159,39,8238,312,-89,401,70,191
"background",144,144,219,330,113,103,14,1,42,36,9,24,33,141,37,8508,417,43,374,132,258
"background",145,145,119,229,16,133,17,6,25,46,23,29,32,182,43,8309,355,-68,423,155,222
"background",146,146,64,162,-25,206,23,14,14,60,45,55,46,179,44,7321,287,-111,398,90,18
"background",147,147,168,252,83,214,39,0,81,111,3,3,106,158,45,6674,365,20,345,101,252
"background",148,148,154,231,79,400,77,1,83,204,6,6,204,153,46,6059,345,19,326,79,231
"background",149,149,134,237,40,196,26,5,38,70,27,47,69,151,41,7747,334,-33,367,54,165
"background",150,150,128,215,52,451,73,2,65,211,31,41,207,163,47,6511,321,-22,343,60,190
"background",151,151,63,154,-19,243,35,11,34,93,42,45,93,159,44,6796,262,-95,357,-19,118
"background",152,152,73,178,-19,249,27,11,23,74,41,50,69,171,42,7718,302,-97,399,100,173
"background",153,153,170,257,86,211,41,1,82,112,3,3,111,169,47,6724,372,15,357,102,257
"background",154,154,57,135,-4,740,136,8,76,365,30,46,365,118,42,5677,220,-56,276,-4,134
"background",155,155,53,158,-41,365,39,25,13,110,83,85,84,167,41,7816,278,-123,401,34,155
"background",156,156,199,267,141,75,20,0,78,36,2,32,27,170,56,4833,358,56,302,251,203
"background",157,157,91,194,-2,231,24,13,16,68,48,58,64,161,42,7681,302,-81,383,11,121
"background",158,158,89,198,-17,257,32,8,33,89,33,42,83,146,37,8324,310,-76,386,-8,192
"background",159,159,74,153,8,712,129,7,75,355,26,26,350,138,45,5863,248,-54,302,12,153
"background",160,160,84,171,4,544,92,8,58,252,44,49,224,160,45,6606,291,-62,353,8,169
"background",161,161,71,179,-32,309,36,14,23,96,51,59,83,163,40,8206,298,-108,406,60,174
"background",162,162,131,235,35,180,27,5,42,72,24,34,72,150,40,7865,334,-38,372,35,163
"background",163,163,61,160,-28,292,33,12,24,93,47,56,84,164,43,7385,281,-100,381,-21,156
"background",164,164,158,264,60,151,21,4,40,54,21,37,54,159,41,8015,364,-21,385,77,193
"background",165,165,183,275,96,265,49,0,78,138,4,4,124,154,43,7073,378,26,352,111,275
"background",166,166,167,254,82,322,58,0,82,165,3,3,159,159,45,6761,369,22,347,98,254
"background",167,167,212,286,145,51,14,0,82,27,1,24,16,173,54,5447,377,57,320,267,223
"background",168,168,100,206,4,310,35,10,24,95,56,71,85,161,41,7925,315,-72,387,17,132
"background",169,169,101,210,3,299,33,11,21,88,58,69,78,158,40,8095,318,-72,390,17,134
"background",170,170,47,129,-21,1118,191,14,65,539,72,72,494,133,43,5985,231,-72,303,-14,129
"background",171,171,62,153,-21,521,77,9,53,218,43,47,215,164,44,6839,276,-91,367,-13,150
"background",172,172,153,198,112,450,93,0,94,264,2,8,243,129,56,3391,270,43,227,116,193
"background",173,173,137,219,63,748,158,1,88,409,10,10,409,171,48,6215,342,-8,350,63,219
"background",174,174,212,299,132,179,30,1,63,82,11,21,82,170,47,6653,405,50,355,142,273
"background",175,175,41,116,-19,1078,181,12,65,513,68,71,471,130,45,5490,213,-72,285,-13,113
"background",176,176,121,207,47,972,176,3,80,487,19,26,487,151,45,6402,314,-15,329,47,206
"background",177,177,230,324,137,63,10,0,48,25,3,11,25,172,45,7348,420,45,375,155,262
"background",178,178,172,257,86,182,35,0,81,100,3,3,93,159,46,6726,368,23,345,105,257
"background",179,179,117,145,90,1041,194,4,83,540,20,32,518,96,60,2196,199,39,160,94,141
"background",180,180,67,155,-14,602,99,9,62,271,42,43,268,167,45,6673,279,-86,365,-6,153
"background",181,181,140,188,102,575,117,0,95,332,2,10,314,123,56,3443,259,40,219,103,181
"background",182,182,167,275,65,129,18,3,42,47,17,31,46,164,41,8220,377,-21,398,84,203
"background",183,183,66,173,-35,277,31,19,15,83,58,69,59,176,42,8100,295,-124,419,98,-25
"background",184,184,85,189,-10,187,20,10,16,54,37,51,42,172,43,7756,305,-94,399,184,36
"background",185,185,149,235,76,384,75,1,87,214,7,14,204,129,42,6326,320,17,303,83,232
"background",186,186,96,179,25,1435,259,7,78,708,40,48,708,144,45,6208,281,-36,317,25,178
"background",187,187,96,202,-3,161,18,8,19,47,31,46,34,180,43,7993,323,-91,414,196,43
"background",188,188,133,212,64,965,195,1,87,515,12,12,510,170,49,5946,335,-7,342,68,212
"background",189,189,135,230,51,259,44,3,71,128,15,19,125,146,42,7088,329,-15,344,62,204
"background",190,190,91,199,-9,225,27,8,29,72,32,42,63,175,42,8104,330,-86,416,123,193
"background",191,191,86,176,2,386,52,8,42,147,37,46,139,160,44,6832,293,-66,359,8,173
"background",192,192,72,172,-19,274,30,10,25,82,44,54,74,168,42,7454,298,-93,391,99,166
"background",193,193,120,177,69,1646,297,3,82,854,30,49,830,120,49,4242,263,22,241,73,175
"background",194,194,183,271,94,162,30,0,77,86,3,3,74,148,43,6952,371,28,343,113,271
"background",195,195,170,282,64,112,18,4,44,45,15,22,45,160,39,8518,384,-17,401,84,209
"background",196,196,127,214,49,1212,217,6,78,604,36,36,589,157,45,6600,332,-11,343,54,214
"background",197,197,209,311,113,93,17,0,56,39,5,29,28,160,42,7806,411,33,378,306,243
"background",198,198,159,231,83,271,52,1,80,135,6,6,134,151,47,5851,340,23,317,100,231
"background",199,199,103,206,10,229,26,10,24,73,42,55,70,155,41,7694,309,-66,375,23,133
"background",200,200,20,96,-40,764,130,18,66,352,56,66,336,123,43,5549,182,-98,280,-26,95
"background",201,201,51,153,-47,334,39,16,27,107,54,66,96,177,42,7770,283,-129,412,-35,149
"background",202,202,171,280,69,172,22,4,35,58,21,42,51,137,37,8254,372,4,368,85,206
"background",203,203,91,141,50,1880,325,11,73,930,73,90,863,109,51,3685,215,5,210,54,138
"background",204,204,70,155,-2,449,78,9,65,210,36,36,210,130,41,6336,247,-63,310,-2,129
"background",205,205,66,172,-26,322,35,13,27,99,48,60,91,159,40,7784,295,-97,392,-18,168
"background",206,206,163,221,114,261,50,0,85,141,6,20,140,163,59,4077,305,31,274,118,190
"background",207,207,159,253,72,173,33,1,74,86,7,9,85,160,44,7174,359,-3,362,85,225
"background",208,208,160,204,121,416,93,0,99,249,2,6,243,140,60,3264,279,48,231,124,199
"background",209,209,54,152,-30,336,36,20,18,105,65,71,87,156,42,7243,268,-102,370,30,150
"background",210,210,182,288,80,89,17,1,63,44,7,13,44,166,41,8157,394,-4,398,80,218
"background",211,211,163,240,85,335,64,1,81,167,6,6,167,147,46,6115,348,30,318,85,240
"background",212,212,62,170,-36,317,36,21,16,98,70,74,70,170,41,8038,292,-119,411,46,165
"background",213,213,136,164,106,64,15,0,81,35,0,1,34,130,65,2317,238,39,199,111,159
"background",214,214,218,303,137,172,31,0,72,88,3,24,85,179,50,6502,403,48,355,148,275
"background",215,215,113,220,12,125,15,5,24,41,22,27,33,178,43,8116,342,-70,412,149,214
"background",216,216,117,213,30,258,47,6,64,124,19,19,124,178,46,7168,330,-55,385,30,213
"background",217,217,153,228,81,407,79,1,83,207,7,12,207,150,47,5798,338,22,316,81,226
"background",218,218,47,149,-45,370,37,28,10,107,86,87,90,164,41,7596,263,-128,391,28,56
"background",219,219,75,164,-7,388,51,8,40,144,40,49,134,166,45,6755,287,-78,365,-1,162
"background",220,220,78,191,-28,242,31,16,21,79,49,59,49,166,39,8504,312,-109,421,115,-20
"background",221,221,180,283,84,164,22,3,40,55,16,42,50,138,39,7867,371,19,352,97,211
"background",222,222,140,219,73,559,103,2,83,280,9,15,279,146,46,5872,328,16,312,79,217
"background",223,223,205,310,106,148,22,2,43,50,13,38,47,133,37,8040,395,42,353,121,239
"background",224,224,70,145,13,1358,228,6,76,669,42,56,609,140,48,5423,247,-43,290,19,142
"background",225,225,69,176,-29,366,39,17,21,112,62,69,100,157,39,7993,291,-104,395,51,171
"background",226,226,169,270,77,124,23,1,68,62,7,12,61,158,42,7642,375,3,372,91,244
"background",227,227,192,293,98,94,15,1,51,40,9,18,38,161,42,7686,398,18,380,114,223
"background",228,228,158,237,79,438,93,1,86,237,10,10,237,158,47,6252,348,16,332,79,237
"background",229,229,74,177,-15,275,32,14,22,90,49,56,69,166,42,7558,299,-91,390,54,173
"background",230,230,102,183,34,659,120,3,81,334,18,28,329,134,44,6021,278,-23,301,39,182
"background",231,231,143,255,36,124,16,6,24,40,25,30,37,160,39,8562,359,-44,403,56,83
"background",232,232,192,292,99,134,21,1,44,48,11,36,43,163,43,7589,395,21,374,287,223
"background",233,233,83,177,-2,327,40,11,33,115,41,54,109,155,43,7051,294,-66,360,4,174
"background",234,234,138,218,68,448,84,1,84,234,5,5,230,185,51,6059,349,-9,358,76,218
"background",235,235,112,220,11,149,16,7,19,44,28,40,36,161,40,8166,328,-68,396,214,58
"background",236,236,63,154,-19,487,80,11,58,214,44,44,214,165,44,6873,273,-96,369,-19,154
"background",237,237,57,134,-5,1060,171,10,67,500,56,60,471,142,47,5659,238,-63,301,0,132
"background",238,238,117,220,22,200,28,7,40,77,26,28,77,175,44,7706,341,-56,397,22,215
"background",239,239,73,183,-32,284,34,14,22,89,49,57,72,164,39,8328,303,-108,411,63,177
"background",240,240,174,276,82,204,32,3,44,69,19,56,64,125,37,7666,360,24,336,93,204
"background",241,241,51,152,-43,345,39,14,29,115,51,63,104,181,44,7573,285,-126,411,-33,147
"background",242,242,107,213,9,185,21,10,20,56,38,47,51,158,40,7956,318,-68,386,25,139
"background",243,243,45,143,-41,358,40,15,26,117,55,67,108,160,42,7301,264,-114,378,-33,141
"background",244,244,157,253,71,186,33,2,73,94,9,12,91,153,43,7202,353,-1,354,83,227
"background",245,245,80,173,-6,273,31,10,26,85,44,53,73,166,45,6966,293,-75,368,-1,167
"background",246,246,164,246,83,286,60,0,86,152,3,3,152,149,45,6427,355,27,328,83,246
"background",247,247,135,248,29,124,15,7,22,38,24,31,34,160,39,8559,352,-51,403,49,76
"background",248,248,165,246,85,495,100,1,83,256,8,8,256,149,45,6355,356,27,329,85,246
"background",249,249,84,165,15,720,131,6,76,360,25,25,356,144,46,6031,263,-49,312,20,165
"background",250,250,71,176,-23,294,33,12,28,95,44,55,85,166,41,7757,302,-96,398,-15,171
"background",251,251,214,295,139,135,24,0,66,66,3,21,66,181,52,6066,394,48,346,139,266
"background",252,252,165,243,84,286,55,1,84,145,3,3,145,151,46,6282,353,26,327,84,243
"background",253,253,94,197,-2,150,17,9,20,43,32,37,43,187,45,7715,322,-90,412,-2,152
"background",254,254,61,149,-18,435,68,13,47,185,48,59,167,159,45,6589,272,-81,353,-12,147
"background",255,255,179,240,126,504,104,1,91,297,7,17,276,150,53,4439,328,49,279,132,233
"background",256,256,73,176,-22,292,34,10,30,97,40,52,87,173,43,7689,305,-97,402,-15,170
"background",257,257,94,198,-2,184,19,10,17,54,36,50,42,167,42,7841,311,-84,395,193,44
"background",258,258,107,215,7,193,22,7,28,65,28,35,61,171,42,8078,339,-68,407,13,209
"background",259,259,84,185,-9,224,23,14,16,64,47,59,58,160,41,7606,294,-87,381,4,37
"background",260,260,95,201,-2,278,29,13,17,79,57,66,72,173,42,7943,316,-88,404,13,128
"background",261,261,98,204,1,166,18,8,24,51,29,34,51,177,43,7931,327,-80,407,6,198
"background",262,262,196,263,139,81,20,0,80,40,2,33,28,172,57,4773,356,55,301,247,198
"background",263,263,96,203,-2,232,27,10,25,76,37,45,60,174,42,8032,331,-79,410,80,199
"background",264,264,148,231,71,1138,236,1,85,596,16,16,596,140,43,6358,335,12,323,71,231
"background",265,265,124,224,33,213,35,4,57,95,21,28,95,147,40,7522,323,-36,359,46,199
"background",266,266,89,195,-6,236,28,11,24,77,40,48,60,173,42,7882,321,-84,405,72,191
"background",267,267,105,144,73,2016,340,11,71,974,79,95,917,95,55,2883,201,30,171,78,141
"background",268,268,128,155,101,697,139,2,85,356,11,14,354,85,56,2156,207,57,150,106,149
"background",269,269,45,127,-25,1113,189,15,65,538,73,73,495,138,44,6049,234,-77,311,-18,127
"background",270,270,53,153,-40,342,39,14,28,111,51,63,100,183,44,7499,287,-124,411,-30,148
"background",271,271,77,191,-30,242,31,15,21,79,51,57,51,161,38,8578,309,-108,417,114,184
"background",272,272,220,324,122,118,18,1,48,40,8,29,40,144,39,7962,412,50,362,320,254
"background",273,273,173,237,119,309,56,3,77,162,14,23,153,149,53,4627,324,44,280,124,231
"background",274,274,74,174,-17,177,18,10,15,49,38,47,48,173,44,7439,293,-99,392,148,79
"background",275,275,227,322,133,71,10,0,53,26,3,15,26,167,44,7482,417,45,372,150,258
"background",276,276,54,136,-16,1099,191,12,72,524,53,59,522,137,44,6144,231,-77,308,-6,135
"background",277,277,163,243,82,465,96,1,86,243,8,8,243,155,46,6333,357,23,334,82,243
"background",278,278,69,167,-19,296,34,11,30,100,42,50,94,162,42,7341,287,-92,379,-12,164
"background",279,279,72,175,-21,313,35,11,29,103,43,55,94,171,42,7617,304,-95,399,-15,169
"background",280,280,68,173,-30,283,39,15,27,94,53,66,67,166,41,7905,299,-105,404,100,168
"background",281,281,56,139,-14,1002,172,12,71,474,52,58,471,138,44,6199,234,-77,311,-4,139
"background",282,282,91,200,-9,225,28,8,29,73,32,42,62,176,42,8144,332,-87,419,124,194
"background",283,283,63,168,-34,363,40,15,28,113,52,66,104,161,40,7923,291,-108,399,-24,164
"background",284,284,86,196,-14,286,34,12,25,93,46,54,73,160,39,8201,317,-87,404,69,191
"background",285,285,92,197,-3,223,28,8,28,71,35,44,61,172,42,7790,324,-78,402,2,190
"background",286,286,104,177,39,1329,239,5,80,683,36,53,653,155,50,5529,293,-17,310,43,176
"background",287,287,163,266,67,197,28,4,40,66,22,53,61,131,37,7826,355,7,348,81,195
"background",288,288,59,163,-36,351,35,24,10,99,79,85,82,174,42,7777,281,-124,405,41,-25
"background",289,289,168,271,73,192,28,3,42,66,19,52,60,129,37,7811,359,15,344,86,200
"background",290,290,43,138,-40,336,35,23,11,97,75,81,83,156,42,7045,248,-116,364,20,53
"background",291,291,171,256,86,176,34,0,82,96,3,3,90,159,46,6706,366,22,344,104,256
"background",292,292,83,175,-3,338,43,7,38,123,35,43,113,177,45,7012,306,-81,387,3,173
"background",293,293,204,306,111,143,24,1,50,52,10,40,45,136,39,7693,392,45,347,301,235
"background",294,294,84,192,-15,246,29,9,28,76,36,47,68,171,41,8059,321,-91,412,115,186
"background",295,295,60,164,-35,353,37,22,15,109,73,77,87,156,40,7807,277,-109,386,40,161
"background",296,296,162,253,79,876,167,4,78,438,26,26,438,147,42,6934,363,19,344,79,253
"background",297,297,171,272,77,119,18,1,51,50,12,19,49,159,42,7696,377,1,376,92,201
"background",298,298,57,163,-44,300,38,18,22,95,58,70,73,170,41,8073,290,-124,414,89,158
"background",299,299,143,188,92,815,195,1,97,483,7,9,483,115,53,3782,257,42,215,92,185
"background",300,300,71,172,-20,262,30,10,26,82,42,52,72,169,43,7499,297,-93,390,-14,167
"background",301,301,70,151,-2,730,118,9,63,340,48,50,319,151,46,6107,263,-64,327,2,150
"background",302,302,164,245,82,327,65,0,82,167,3,3,167,147,44,6422,355,27,328,82,245
"background",303,303,29,121,-52,419,49,16,27,138,64,76,125,156,43,6822,239,-121,360,-43,119
"background",304,304,151,223,82,412,81,1,85,214,5,11,214,154,48,5554,332,17,315,82,221
"background",305,305,22,98,-39,838,143,17,68,388,56,65,373,123,44,5556,183,-96,279,-25,96
"background",306,306,106,178,42,1401,257,7,78,734,45,45,678,144,48,5429,290,-7,297,45,178
"background",307,307,149,249,55,191,34,3,67,92,15,19,91,153,41,7602,351,-17,368,70,224
"background",308,308,59,157,-27,301,32,21,14,93,67,69,72,160,42,7277,271,-103,374,37,154
"background",309,309,66,170,-32,302,35,11,30,103,42,53,93,176,42,7812,300,-110,410,-22,164
"background",310,310,86,196,-17,304,34,12,24,94,48,55,83,163,39,8272,316,-94,410,72,190
"background",311,311,142,183,98,462,94,2,88,246,7,10,246,134,59,3327,257,33,224,98,179
"background",312,312,67,161,-16,313,34,12,25,96,48,58,86,159,43,6981,279,-83,362,-10,157
"background",313,313,87,176,4,457,63,6,48,184,38,42,176,171,46,6752,300,-70,370,11,173
"background",314,314,171,264,86,302,55,1,78,157,6,6,143,152,43,7041,364,15,349,99,264
"background",315,315,186,248,137,130,24,0,76,67,2,17,67,174,59,4276,346,55,291,137,212
"background",316,316,171,257,84,165,32,0,81,91,3,3,82,162,45,6783,364,10,354,104,257
"background",317,317,83,191,-13,275,32,11,26,88,41,51,74,166,41,7990,316,-87,403,65,186
"background",318,318,169,256,83,262,50,0,84,140,3,3,132,154,45,6808,366,24,342,101,256
"background",319,319,125,194,71,655,128,0,92,365,4,15,353,124,47,4955,276,14,262,72,188
"background",320,320,178,222,140,307,69,0,96,182,3,8,179,104,52,3180,278,81,197,143,214
"background",321,321,64,147,-8,856,127,9,60,376,55,56,357,151,45,6228,258,-73,331,-2,146
"background",322,322,86,182,1,296,46,11,48,123,39,40,123,173,45,7104,302,-78,380,1,178
"background",323,323,64,166,-29,313,36,12,29,104,45,57,93,175,43,7564,297,-106,403,-20,160
"background",324,324,113,172,61,1428,265,3,84,749,23,41,729,148,54,4419,276,2,274,64,170
"background",325,325,75,171,-13,201,26,9,27,71,38,43,71,167,44,7163,283,-93,376,-13,131
"background",326,326,98,207,-3,223,27,8,28,72,32,41,60,176,42,8205,338,-80,418,85,202
"background",327,327,219,298,144,54,11,0,70,26,1,22,19,176,52,5955,392,57,335,276,234
"background",328,328,64,164,-23,278,32,12,27,93,43,50,90,163,42,7374,283,-99,382,-15,161
"background",329,329,63,168,-38,310,38,13,28,95,47,59,85,179,42,7986,299,-121,420,96,163
"background",330,330,74,162,-8,394,51,9,40,145,41,50,136,165,45,6741,285,-79,364,-2,161
"background",331,331,75,178,-19,278,33,10,31,96,38,49,88,171,42,7698,308,-92,400,-12,173
"background",332,332,68,168,-22,222,26,15,16,68,49,55,50,179,44,7411,294,-106,400,94,163
"background",333,333,89,170,14,807,138,9,62,382,55,57,338,154,46,6198,288,-43,331,18,170
"background",334,334,170,254,85,175,33,1,79,93,4,4,88,160,46,6669,364,21,343,103,254
"background",335,335,59,154,-26,217,25,11,20,69,44,51,69,164,44,7025,266,-104,370,-26,115
"background",336,336,227,331,127,65,11,0,52,27,3,19,20,159,41,7993,426,45,381,325,263
"background",337,337,184,253,125,117,19,1,58,45,6,36,45,169,55,4982,344,40,304,125,188
"background",338,338,93,198,-5,231,28,7,32,80,30,40,72,175,42,7893,329,-79,408,1,192
"background",339,339,106,215,5,199,23,7,29,67,29,37,62,169,41,8182,340,-70,410,10,208
"background",340,340,63,169,-35,355,38,19,18,107,66,72,93,161,40,7950,285,-113,398,46,164
"background",341,341,103,197,17,252,43,8,56,115,25,25,115,168,45,7071,308,-63,371,17,197
"background",342,342,154,236,78,328,64,1,85,177,3,3,175,186,50,6289,363,-2,365,90,236
"background",343,343,74,179,-26,291,35,10,32,102,39,50,91,170,41,7933,308,-100,408,-16,173
"background",344,344,87,202,-27,267,35,7,39,102,30,38,95,148,36,8872,318,-88,406,-17,196
"background",345,345,68,166,-19,298,35,11,31,102,41,49,96,163,43,7291,287,-92,379,-12,163
"background",346,346,84,180,-4,367,47,9,40,138,38,47,128,155,42,7247,297,-71,368,3,178
"background",347,347,102,204,10,284,31,10,27,91,48,67,85,159,42,7631,310,-67,377,22,131
"background",348,348,216,292,144,62,12,0,68,31,1,22,22,161,51,5747,376,62,314,272,231
"background",349,349,164,247,82,239,46,0,85,132,3,3,123,169,47,6472,361,7,354,99,247
"background",350,350,82,201,-32,207,28,13,25,71,40,56,40,151,35,9037,317,-104,421,123,-32
"background",351,351,186,298,79,95,14,2,44,36,12,21,35,165,40,8576,400,-9,409,100,225
"background",352,352,166,275,63,124,19,3,43,47,16,28,47,159,40,8323,376,-18,394,82,203
"background",353,353,62,167,-33,353,36,23,11,100,80,85,82,174,42,7811,285,-120,405,43,-22
"background",354,354,164,245,82,384,73,1,81,192,5,5,192,150,45,6429,357,25,332,82,245
"background",355,355,100,207,0,145,16,7,20,43,26,43,29,178,43,8052,327,-86,413,180,6
"background",356,356,92,203,-13,224,28,8,27,73,35,43,57,175,41,8380,333,-93,426,128,197
"background",357,357,157,251,70,220,35,2,60,101,16,20,99,163,44,7154,358,-5,363,83,225
"background",358,358,112,192,41,1050,208,2,81,548,20,20,548,151,46,6086,303,-20,323,41,192
"background",359,359,92,168,34,697,130,2,84,357,12,25,357,111,42,5410,247,-14,261,34,162
"background",360,360,163,260,74,203,30,2,51,85,20,30,84,160,43,7367,365,-1,366,87,235
"background",361,361,64,168,-34,326,37,14,27,103,48,61,93,170,41,7888,296,-112,408,-24,164
"background",362,362,160,204,122,296,58,0,88,167,3,7,154,119,56,3179,267,58,209,124,197
"background",363,363,222,308,140,89,16,0,60,38,2,34,31,157,47,6601,394,61,333,282,244
"background",364,364,91,193,-2,200,24,10,25,66,38,47,63,147,40,7632,292,-74,366,11,120
"background",365,365,127,183,81,607,114,2,88,322,7,14,316,159,58,4096,283,10,273,83,179
"background",366,366,223,306,145,58,9,0,69,27,2,20,21,186,52,6315,408,53,355,281,242
"background",367,367,232,336,132,85,13,1,45,30,5,22,28,144,39,8022,424,60,364,331,268
"background",368,368,216,316,122,102,19,1,54,40,5,30,32,147,41,7613,404,49,355,312,246
"background",369,369,154,241,77,901,160,3,75,439,26,26,429,142,43,6555,344,18,326,82,241
"background",370,370,54,158,-39,370,38,26,10,105,85,89,87,172,42,7700,276,-126,402,35,-28
"background",371,371,163,208,125,263,50,1,87,142,3,7,133,116,55,3202,271,62,209,126,200
"background",372,372,57,137,-6,613,110,9,71,296,34,48,296,121,42,5887,224,-60,284,-6,137
"background",373,373,66,159,-21,335,41,9,35,118,40,48,110,174,44,7034,289,-99,388,-14,156
"background",374,374,83,193,-16,300,35,13,23,98,50,57,77,158,39,8158,311,-88,399,66,188
"background",375,375,147,231,73,381,61,2,63,177,28,56,170,161,48,6324,337,3,334,81,204
"background",376,376,112,222,12,133,15,8,15,39,26,37,30,177,42,8166,340,-72,412,195,56
"background",377,377,171,259,86,226,45,1,85,125,3,3,119,172,47,6827,379,14,365,102,259
"background",378,378,75,181,-26,277,32,11,30,92,40,51,83,163,40,8043,304,-97,401,-16,176
"background",379,379,133,239,36,185,21,7,26,59,33,45,56,163,42,7964,344,-43,387,52,168
"background",380,380,160,262,67,149,23,2,50,64,15,23,63,156,42,7666,365,-6,371,82,235
"background",381,381,173,245,112,305,62,2,82,167,10,18,159,155,50,5233,340,36,304,118,240
"background",382,382,149,254,53,168,23,5,36,59,25,41,59,154,41,7918,352,-22,374,68,183
"background",383,383,119,232,12,126,14,6,21,39,23,35,28,174,41,8571,346,-75,421,224,59
"background",384,384,68,171,-30,313,37,11,32,110,42,53,100,170,42,7822,299,-104,403,-21,166
"background",385,385,113,171,63,1836,331,4,83,958,31,54,927,126,50,4304,263,15,248,67,169
"background",386,386,213,319,110,70,11,1,49,26,6,20,23,160,40,8194,419,27,392,314,250
"background",387,387,162,237,84,281,55,1,81,142,5,5,142,151,47,6021,345,25,320,84,237
"background",388,388,54,156,-36,369,42,16,27,121,56,69,108,158,41,7567,277,-108,385,-27,152
"background",389,389,159,237,94,455,83,3,78,237,21,33,224,157,49,5649,339,24,315,100,233
"background",390,390,13,90,-47,607,101,15,58,268,59,75,263,115,41,5581,173,-102,275,-43,61
"background",391,391,173,282,71,127,16,3,34,42,17,32,38,155,40,8275,381,-6,387,88,210
"background",392,392,62,156,-19,399,58,14,46,161,50,52,161,157,43,6971,269,-92,361,-19,154
"background",393,393,138,218,71,508,88,3,73,257,28,46,243,154,49,5878,319,5,314,77,188
"background",394,394,169,256,82,326,62,0,82,173,3,3,164,153,44,6856,367,25,342,99,256
"background",395,395,180,240,135,171,30,0,74,87,3,18,87,165,60,4079,328,53,275,135,204
"background",396,396,93,200,-3,243,29,13,22,82,46,51,57,166,41,7970,320,-79,399,76,196
"background",397,397,184,291,82,86,17,1,60,42,7,13,42,165,41,8186,395,-2,397,82,220
"background",398,398,65,170,-27,357,40,17,23,115,60,68,94,150,39,7766,285,-95,380,42,167
"background",399,399,57,158,-39,326,37,13,29,109,48,59,98,181,43,7623,292,-121,413,-29,153
"background",400,400,38,132,-43,357,37,24,12,103,79,84,91,155,43,6951,243,-117,360,14,97
"background",401,401,153,257,54,164,29,4,61,77,17,20,77,159,41,7925,361,-24,385,54,232
"background",402,402,158,238,82,701,144,1,83,363,11,15,363,139,43,6187,343,25,318,82,237
"background",403,403,87,175,4,471,65,6,49,190,39,44,182,171,46,6725,299,-69,368,11,172
"background",404,404,148,224,83,521,94,3,78,272,24,35,253,156,50,5528,324,14,310,91,193
"background",405,405,143,186,99,358,68,1,87,189,5,9,187,145,61,3409,268,31,237,105,181
"background",406,406,98,153,51,1804,316,9,74,906,63,81,841,119,51,4104,237,4,233,55,151
"background",407,407,58,134,-6,950,165,10,66,462,58,62,423,139,46,5633,240,-61,301,-1,133
"background",408,408,152,255,57,158,26,2,54,70,15,24,69,151,40,7798,355,-15,370,71,183
"background",409,409,229,323,136,65,10,0,53,26,2,18,26,170,46,7365,418,49,369,153,258
"background",410,410,179,262,99,247,45,0,81,133,4,4,119,150,45,6453,358,27,331,113,262
"background",411,411,70,157,-9,784,135,8,68,366,43,43,365,161,45,6602,278,-75,353,-1,157
"background",412,412,84,189,-11,227,24,9,25,71,36,44,67,170,42,7848,313,-89,402,-5,184
"background",413,413,176,228,134,312,61,1,84,171,5,10,155,128,54,3680,299,66,233,136,220
"background",414,414,126,223,40,312,44,6,42,109,33,81,103,128,39,7248,310,-18,328,49,151
"background",415,415,43,140,-42,356,40,14,26,116,56,67,106,161,42,7195,262,-114,376,-34,137
"background",416,416,62,157,-22,302,33,12,24,92,48,58,82,162,44,7040,277,-91,368,-15,153
"background",417,417,102,211,1,210,24,7,28,68,30,39,62,173,41,8156,337,-76,413,6,204
"background",418,418,59,163,-39,308,36,13,28,100,48,59,89,176,42,7827,293,-120,413,-29,158
"background",419,419,197,297,104,123,19,0,46,46,9,33,38,168,44,7606,402,22,380,292,229
"background",420,420,129,232,33,182,28,5,45,74,24,33,74,149,40,7812,331,-39,370,48,160
"background",421,421,77,162,-1,830,127,7,61,364,51,52,354,164,46,6438,282,-70,352,6,160
"background",422,422,64,151,-10,337,58,10,54,150,36,36,150,140,43,6395,246,-76,322,-10,151
"background",423,423,165,248,84,589,118,2,79,302,18,18,302,147,44,6510,352,24,328,84,248
"background",424,424,95,202,-5,211,24,7,30,66,29,38,61,176,42,8066,334,-81,415,1,196
"background",425,425,217,330,107,59,8,1,44,22,6,14,21,164,39,8716,430,18,412,130,258
"background",426,426,44,139,-38,357,38,22,17,109,71,76,93,155,42,7072,254,-110,364,19,138
"background",427,427,89,192,-7,177,19,9,18,52,34,49,39,172,43,7802,309,-91,400,187,39
"background",428,428,112,220,12,158,17,9,18,46,31,42,40,160,40,8126,327,-66,393,214,58
"background",429,429,122,156,92,804,164,2,90,437,8,13,428,120,63,2574,222,33,189,94,150
"background",430,430,85,186,-7,188,22,10,22,60,37,44,58,153,41,7582,289,-83,372,6,114
"background",431,431,51,150,-37,340,38,13,26,110,52,64,100,166,43,7310,275,-110,385,-29,146
"background",432,432,152,216,101,280,49,1,68,134,15,41,133,156,56,4467,299,23,276,103,184
"background",433,433,99,206,1,150,19,9,20,49,30,40,31,181,43,7986,330,-85,415,131,7
"background",434,434,132,187,86,889,179,2,87,470,11,16,470,126,53,4029,266,31,235,86,182
"background",435,435,197,293,108,142,23,1,50,49,9,37,47,157,43,7300,390,33,357,290,223
"background",436,436,72,160,-10,463,78,8,55,211,41,48,187,155,44,6728,276,-75,351,-5,159
"background",437,437,229,334,129,85,14,1,44,32,6,24,26,142,39,8023,421,58,363,328,265
"background",438,438,155,243,77,906,153,4,71,429,32,32,416,144,43,6634,349,17,332,82,243
"background",439,439,75,157,8,629,119,7,76,313,25,25,313,127,42,6032,246,-50,296,8,157
"background",440,440,229,325,136,87,15,0,52,34,5,21,29,159,44,7464,415,56,359,291,258
"background",441,441,98,168,38,1096,195,9,71,555,51,62,503,136,48,5213,272,-9,281,41,167
"background",442,442,164,246,82,302,59,0,82,157,3,3,157,156,46,6491,358,20,338,82,246
"background",443,443,220,339,103,66,11,2,43,28,9,10,25,163,38,9212,439,15,424,129,314
"background",444,444,227,313,145,59,9,0,63,24,2,19,24,187,51,6587,415,54,361,145,249
"background",445,445,73,168,-15,308,37,9,34,108,38,46,101,171,44,7159,296,-91,387,-8,164
"background",446,446,112,223,8,135,15,6,21,42,24,38,30,166,40,8362,333,-73,406,216,55
"background",447,447,58,154,-30,285,29,19,14,85,59,74,61,161,42,7250,267,-108,375,39,-19
"background",448,448,95,197,3,281,30,12,23,89,51,66,85,160,42,7617,303,-75,378,15,125
"background",449,449,152,264,47,123,18,4,36,45,20,25,45,159,39,8469,366,-33,399,67,238
"background",450,450,221,333,113,91,12,1,42,32,8,21,30,143,37,8634,423,42,381,134,261
"background",451,451,65,154,-17,442,57,11,40,165,46,58,154,156,43,6783,273,-84,357,-9,154
"background",452,452,126,196,71,622,115,2,86,324,8,16,318,164,53,5056,309,2,307,73,193
"background",453,453,59,161,-35,372,44,12,32,132,48,61,122,163,41,7647,285,-106,391,-26,156
"background",454,454,155,243,74,621,120,3,81,314,18,18,312,157,45,6713,356,9,347,79,243
"background",455,455,160,201,126,320,72,0,96,194,2,9,165,119,60,2882,258,60,198,127,192
"background",456,456,134,217,62,795,166,1,88,429,11,11,429,168,48,6192,338,-9,347,62,217
"background",457,457,66,173,-34,297,33,19,14,89,67,69,68,170,41,8061,292,-119,411,51,168
"background",458,458,63,168,-33,405,43,17,25,126,62,73,115,156,39,7894,284,-107,391,45,164
"background",459,459,53,131,-12,921,147,10,64,426,57,58,399,141,45,5806,236,-71,307,-7,130
"background",460,460,105,209,7,145,16,7,17,43,32,35,42,183,44,7848,329,-82,411,26,139
"background",461,461,59,142,-12,935,137,10,59,401,61,63,385,149,45,6234,253,-77,330,-4,142
"background",462,462,87,174,6,612,91,6,57,264,41,44,255,168,46,6616,296,-66,362,12,172
"background",463,463,176,290,68,104,16,4,41,39,17,22,39,161,39,8652,391,-14,405,90,217
"background",464,464,79,173,-4,282,30,12,24,85,45,57,76,159,43,6978,293,-69,362,104,169
"background",465,465,202,262,154,89,17,0,77,48,1,8,48,170,60,4150,355,72,283,154,227
"background",466,466,103,189,24,600,110,8,66,299,43,43,278,168,47,6514,316,-38,354,27,189
"background",467,467,77,176,-11,256,36,11,37,95,37,41,95,166,43,7352,294,-89,383,-11,173
"background",468,468,109,215,12,181,21,9,22,56,36,46,51,155,40,7945,318,-64,382,27,141
"background",469,469,62,164,-30,361,41,13,29,122,49,62,113,168,42,7550,291,-103,394,-23,158
"background",470,470,171,256,87,424,81,0,82,223,5,5,212,154,45,6661,363,24,339,104,256
"background",471,471,175,261,90,189,35,0,82,102,2,2,92,145,42,6748,359,21,338,107,261
"background",472,472,172,273,78,98,18,1,60,46,6,11,46,158,42,7691,378,3,375,93,247
"background",473,473,194,280,115,230,40,1,64,109,14,22,108,170,48,6556,389,35,354,126,254
"background",474,474,172,284,67,115,17,4,39,42,19,25,42,160,40,8519,384,-15,399,87,212
"background",475,475,132,220,52,1528,269,7,77,757,43,43,736,156,45,6685,335,-10,345,58,220
"background",476,476,169,256,82,272,53,0,83,147,3,3,138,152,44,6842,364,22,342,100,256
"background",477,477,164,244,83,466,95,1,85,241,8,8,241,152,45,6331,356,25,331,83,244
"background",478,478,172,267,85,209,31,1,50,86,19,30,86,166,45,7187,375,9,366,98,241
"background",479,479,136,210,77,309,46,1,57,125,15,94,115,145,50,5286,296,8,288,79,142
"background",480,480,134,169,100,781,172,2,90,437,10,14,437,118,61,2767,234,41,193,100,166
"background",481,481,86,192,-10,205,22,9,22,62,34,42,57,176,43,7898,318,-90,408,117,187
"background",482,482,171,258,83,184,36,0,82,101,2,2,95,159,45,6898,369,18,351,102,258
"background",483,483,122,173,76,1174,232,3,86,620,17,29,612,134,55,3846,260,18,242,80,170
"background",484,484,100,206,2,145,18,8,20,46,28,41,30,179,43,7976,328,-84,412,132,45
"background",485,485,93,200,-2,250,30,12,25,84,42,49,63,167,41,7952,322,-78,400,74,196
"background",486,486,217,325,114,68,11,1,46,26,6,20,21,159,40,8259,423,31,392,319,255
"background",487,487,44,145,-42,424,46,23,20,131,76,84,114,147,40,7447,256,-111,367,18,143
"background",488,488,161,228,109,189,25,1,55,71,6,53,70,162,56,4633,318,32,286,112,162
"background",489,489,81,167,-1,660,115,8,68,312,37,37,310,177,47,6593,293,-79,372,7,167
"background",490,490,115,194,54,749,138,2,84,386,9,21,379,168,51,5736,314,-15,329,56,192
"background",491,491,168,223,121,235,45,0,86,127,5,14,127,161,60,3861,302,35,267,121,192
"background",492,492,104,192,24,589,109,8,67,296,42,42,277,170,47,6611,319,-38,357,27,192
"background",493,493,147,206,89,1078,231,2,91,591,12,21,591,153,52,4683,314,25,289,89,206
"background",494,494,236,356,119,53,10,1,54,26,6,7,22,161,37,9280,454,30,424,145,283
"background",495,495,145,254,40,126,19,4,39,49,20,22,49,167,41,8338,361,-44,405,40,230
"background",496,496,104,173,43,1153,208,8,74,592,45,58,547,138,48,5199,279,-4,283,46,173
"background",497,497,221,321,125,83,16,0,62,33,3,23,27,158,43,7709,412,46,366,318,251
"background",498,498,45,149,-46,418,44,30,12,125,95,95,100,165,41,7716,267,-128,395,23,149
"background",499,499,72,180,-24,339,37,13,26,104,50,61,94,153,38,8016,300,-93,393,-15,176
"background",500,500,222,325,125,104,17,1,49,37,7,28,34,140,39,7865,411,55,356,320,255
"background",501,501,43,139,-43,362,41,14,26,118,56,68,107,162,43,7167,261,-114,375,-35,136
"background",502,502,110,193,42,1624,296,6,79,809,37,48,809,135,44,6132,288,-14,302,42,191
"background",503,503,165,244,83,277,54,0,82,141,2,2,141,152,46,6332,355,25,330,83,244
"background",504,504,62,168,-36,328,36,21,14,99,71,75,77,166,41,7949,286,-117,403,45,163
"background",505,505,70,179,-31,303,35,16,19,94,57,63,75,163,40,8173,297,-109,406,57,173
"background",506,506,92,200,-12,242,30,8,32,80,32,41,75,144,37,8191,310,-71,381,-4,193
"background",507,507,102,210,2,186,20,7,24,58,29,36,51,183,43,8100,339,-81,420,135,203
"background",508,508,58,163,-40,345,37,22,13,103,74,77,84,165,41,7918,280,-122,402,40,159
"background",509,509,104,215,-1,204,25,6,32,67,27,37,57,158,39,8336,335,-64,399,6,207
"background",510,510,184,243,139,165,30,0,78,85,4,16,85,165,60,4015,332,57,275,142,207
"background",511,511,114,162,72,1837,337,3,83,959,30,51,935,108,51,3552,236,28,208,76,159
"background",512,512,101,209,-1,255,27,12,17,72,55,62,59,176,42,8166,327,-88,415,202,136
"background",513,513,58,157,-31,307,35,12,26,99,48,59,89,165,42,7391,280,-105,385,-24,153
"background",514,514,164,201,135,278,56,0,92,155,2,6,145,78,51,2658,243,92,151,135,191
"background",515,515,165,278,57,161,20,4,30,53,25,36,44,165,40,8617,384,-23,407,77,204
"background",516,516,100,208,1,207,23,6,30,65,27,38,60,179,43,8077,338,-77,415,5,201
"background",517,517,59,155,-29,227,25,15,14,65,50,59,50,180,45,7192,281,-115,396,43,-29
"background",518,518,55,143,-24,520,67,10,44,198,49,57,188,160,44,6642,263,-95,358,-16,142
"background",519,519,82,178,-5,283,42,12,43,113,41,43,113,176,45,7164,298,-87,385,-5,173
"background",520,520,127,214,53,303,51,2,74,149,13,13,143,138,43,6441,307,-8,315,61,214
"background",521,521,207,280,141,62,15,0,72,30,1,26,20,175,54,5381,373,53,320,261,249
"background",522,522,62,139,1,871,156,8,76,430,31,43,424,132,45,5648,231,-58,289,2,138
"background",523,523,77,179,-18,251,27,16,15,76,51,65,52,167,42,7709,295,-99,394,62,-8
"background",524,524,71,173,-21,286,32,11,27,87,44,56,78,173,43,7560,304,-96,400,99,167
"background",525,525,68,156,-14,576,95,9,61,258,42,43,256,167,45,6705,281,-86,367,-6,154
"background",526,526,79,187,-19,288,33,11,26,89,43,54,78,163,40,8044,312,-91,403,61,182
"background",527,527,82,169,-3,528,89,8,64,242,36,36,240,179,47,6723,297,-81,378,5,169
"background",528,528,135,234,44,218,37,4,62,103,18,23,101,149,41,7461,334,-25,359,57,208
"background",529,529,102,187,32,1068,188,4,78,520,26,34,520,143,45,6269,288,-27,315,32,186
"background",530,530,164,245,83,535,110,2,81,281,16,16,281,148,45,6458,351,23,328,83,245
"background",531,531,197,300,103,158,26,2,45,57,13,45,49,132,38,7752,385,40,345,294,228
"background",532,532,75,160,-2,856,131,7,61,376,52,52,366,163,46,6408,279,-71,350,5,160
"background",533,533,92,199,-7,238,28,8,30,80,33,43,72,172,42,7993,326,-82,408,-2,192
"background",534,534,150,217,86,456,91,1,84,238,6,10,238,145,49,5184,319,27,292,86,214
"background",535,535,81,184,-13,194,23,11,18,61,39,46,47,176,43,7707,310,-95,405,109,180
"background",536,536,138,241,43,202,26,5,38,69,26,52,66,150,40,7758,338,-29,367,57,169
"background",537,537,219,315,127,90,14,0,51,32,4,21,32,164,44,7424,411,43,368,127,248
"background",538,538,84,189,-16,258,33,10,29,83,38,49,71,144,38,7942,299,-78,377,118,183
"background",539,539,171,256,85,190,36,0,83,103,3,3,96,158,45,6737,366,22,344,104,256
"background",540,540,93,200,-6,225,28,8,29,75,34,42,66,169,41,7990,326,-80,406,0,193
"background",541,541,102,207,4,159,19,7,21,49,33,38,48,165,41,7915,315,-79,394,21,49
"background",542,542,195,307,86,84,14,2,46,35,8,18,34,162,39,8619,409,1,408,108,234
"background",543,543,230,335,130,88,13,1,42,30,7,22,29,143,39,8057,423,59,364,330,266
"background",544,544,66,153,-13,577,77,9,48,229,49,54,220,161,45,6578,272,-84,356,-5,151
"background",545,545,60,161,-35,336,39,12,30,115,47,59,104,174,43,7611,291,-111,402,-25,156
"background",546,546,163,254,79,1196,225,6,79,597,33,33,591,144,42,6971,362,20,342,85,254
"background",547,547,185,252,128,95,24,1,77,49,4,42,26,168,56,4794,344,46,298,235,187
"background",548,548,225,309,145,59,9,0,66,25,2,20,23,186,52,6405,411,54,357,283,245
"background",549,549,144,217,81,527,104,0,91,297,4,13,280,143,48,5381,312,15,297,88,214
"background",550,550,113,195,49,494,94,1,84,252,8,17,251,111,40,5882,274,1,273,50,190
"background",551,551,48,144,-36,310,33,18,16,91,61,68,81,163,43,7123,264,-112,376,25,142
"background",552,552,39,137,-51,408,48,18,28,137,61,74,125,170,43,7374,265,-129,394,-40,134
"background",553,553,180,295,70,136,16,3,31,45,19,31,39,159,39,8763,396,-8,404,91,220
"background",554,554,106,152,65,1804,311,8,75,894,59,74,835,112,54,3446,222,16,206,69,149
"background",555,555,165,244,84,211,39,0,81,108,2,2,108,157,46,6324,355,20,335,84,244
"background",556,556,111,151,76,1222,229,3,84,637,19,33,618,117,58,3011,223,22,201,80,148
"background",557,557,66,159,-18,409,66,11,52,173,41,42,173,165,44,6971,278,-95,373,-18,157
"background",558,558,51,155,-44,376,39,24,13,112,80,83,93,163,41,7801,271,-125,396,32,151
"background",559,559,63,161,-25,243,25,16,13,67,51,65,58,164,43,7307,274,-105,379,157,20
"background",560,560,72,169,-15,332,40,11,32,115,43,53,105,158,42,7248,287,-84,371,-8,166
"background",561,561,220,299,144,55,11,0,71,26,1,22,20,177,52,6012,394,57,337,277,236
"background",562,562,121,228,22,274,34,7,29,89,44,61,76,165,41,8064,337,-57,394,37,155
"background",563,563,93,156,41,1594,277,5,77,801,44,63,754,135,51,4597,252,-11,263,45,153
"background",564,564,159,222,108,187,30,0,60,79,5,44,79,162,58,4417,312,34,278,108,161
"background",565,565,169,255,82,271,53,0,84,145,2,2,138,151,44,6778,362,22,340,101,255
"background",566,566,108,217,7,191,21,7,27,61,28,37,52,183,43,8198,348,-75,423,142,211
"background",567,567,172,259,83,176,34,0,83,96,2,2,91,162,45,6891,370,16,354,103,259
"background",568,568,80,147,26,1502,262,6,77,756,46,63,713,141,50,4888,249,-29,278,31,145
"background",569,569,188,301,80,96,15,3,38,36,14,22,35,165,40,8649,402,-7,409,102,229
"background",570,570,222,303,145,57,11,0,73,27,1,22,21,173,51,6158,396,58,338,280,240
"background",571,571,228,332,128,67,12,0,55,28,3,20,21,154,40,7983,425,49,376,327,264
"background",572,572,122,170,77,1140,219,3,84,593,19,32,590,134,56,3692,258,20,238,81,168
"background",573,573,169,261,84,704,131,3,75,345,24,24,345,142,41,7037,366,24,342,88,261
"background",574,574,49,132,-22,444,74,13,58,198,42,42,198,143,45,6107,229,-88,317,-22,132
"background",575,575,95,177,28,673,125,4,79,342,19,31,339,131,43,6044,270,-29,299,32,176
"background",576,576,45,149,-51,355,42,19,23,107,63,76,98,168,41,7793,274,-131,405,-40,145
"background",577,577,88,192,-8,178,19,9,18,52,34,50,39,173,43,7811,309,-92,401,187,38
"background",578,578,164,248,81,628,133,1,86,332,10,10,324,138,41,6577,354,24,330,86,248
"background",579,579,208,312,110,109,19,1,47,43,8,33,32,147,40,7925,405,38,367,306,242
"background",580,580,87,187,-4,238,30,9,33,84,33,39,82,167,42,7514,310,-79,389,3,184
"background",581,581,86,195,-13,280,33,11,25,92,44,53,72,162,40,8144,318,-85,403,69,191
"background",582,582,163,241,86,556,115,1,83,285,10,12,285,135,43,6140,346,33,313,92,240
"background",583,583,157,186,133,212,47,0,97,121,1,3,119,62,51,2165,216,96,120,133,177
"background",584,584,37,115,-25,632,110,11,67,296,46,61,294,117,42,5729,199,-78,277,-23,114
"background",585,585,67,158,-15,402,51,12,36,146,47,60,137,151,42,6877,274,-78,352,-8,157
"background",586,586,69,169,-23,266,29,17,16,82,53,69,54,163,42,7549,283,-102,385,52,-13
"background",587,587,79,185,-15,253,27,9,27,79,36,47,74,172,42,7802,312,-91,403,-9,180
"background",588,588,128,179,84,464,92,1,90,250,3,10,249,161,59,3797,278,8,270,88,175
"background",589,589,78,180,-16,299,32,10,30,96,40,52,89,174,43,7655,310,-91,401,-11,174
"background",590,590,83,192,-20,290,33,15,18,91,56,60,71,163,40,8257,310,-96,406,68,187
"background",591,591,216,321,118,106,18,1,49,40,8,31,33,140,38,7971,409,48,361,315,251
"background",592,592,162,268,63,146,21,4,38,52,21,36,52,156,41,8061,366,-14,380,80,198
"background",593,593,59,158,-30,304,34,12,26,99,47,56,91,161,42,7393,279,-102,381,-22,155
"background",594,594,99,204,3,334,40,10,26,105,56,76,92,160,41,7886,312,-73,385,16,130
"background",595,595,164,231,109,437,82,3,81,232,14,20,213,156,54,4815,328,40,288,113,225
"background",596,596,82,172,0,426,57,8,44,163,40,48,156,157,44,6785,287,-66,353,7,170
"background",597,597,97,203,0,149,18,9,18,46,30,42,31,180,43,7934,326,-86,412,129,43
"background",598,598,124,196,62,1090,224,2,88,582,14,25,579,153,49,5409,308,1,307,67,196
"background",599,599,229,316,144,54,9,0,61,22,2,17,22,187,50,6792,421,53,368,288,252
"background",600,600,182,233,137,382,83,0,96,233,5,12,214,131,54,3756,306,65,241,142,226
"background",601,601,168,208,132,213,43,0,89,120,3,5,107,89,51,2899,249,76,173,135,200
"background",602,602,38,141,-58,400,44,22,21,119,70,82,113,165,41,7779,263,-137,400,-46,138
"background",603,603,75,168,-9,275,30,11,25,85,45,55,68,162,44,6946,289,-76,365,99,164
"background",604,604,151,242,70,311,60,1,84,166,9,17,159,158,45,6830,346,-3,349,80,241
"background",605,605,90,199,-14,248,32,7,37,91,29,39,83,157,39,8258,320,-79,399,-5,193
"background",606,606,164,261,74,120,22,1,64,57,7,10,57,160,43,7418,367,-1,368,88,234
"background",607,607,63,168,-30,352,39,15,26,111,53,65,100,155,39,7794,289,-99,388,-20,165
"background",608,608,177,241,126,166,28,0,70,75,3,29,71,174,58,4448,340,45,295,130,176
"background",609,609,86,191,-14,251,25,17,13,73,52,63,52,185,43,7986,315,-106,421,74,-14
"background",610,610,105,164,54,1499,261,5,77,752,43,59,710,129,51,4376,254,3,251,57,161
"background",611,611,69,172,-24,295,34,11,29,98,42,54,88,174,43,7621,302,-100,402,-17,166
"background",612,612,218,296,145,54,12,0,75,27,1,22,19,174,52,5858,389,57,332,274,233
"background",613,613,79,171,-6,425,72,7,56,197,37,44,178,152,42,6953,289,-67,356,0,169
"background",614,614,68,179,-37,258,35,16,25,87,53,65,56,166,39,8362,305,-114,419,104,173
"background",615,615,129,212,56,1016,178,3,74,488,29,29,481,149,45,6297,321,-5,326,61,212
"background",616,616,98,148,56,1911,331,10,73,948,69,87,883,111,52,3690,222,11,211,60,145
"background",617,617,90,200,-11,259,31,10,26,84,40,49,67,166,40,8256,325,-87,412,75,195
"background",618,618,115,223,15,136,14,7,19,40,27,30,39,185,44,8085,348,-70,418,20,216
"background",619,619,85,177,0,264,30,9,26,82,41,51,70,168,45,6921,299,-70,369,4,172
"background",620,620,76,166,-7,516,88,8,58,244,42,49,221,154,43,6788,286,-68,354,-1,164
"background",621,621,59,146,-17,618,102,13,62,279,50,50,279,150,44,6499,248,-86,334,-17,146
"background",622,622,157,239,87,240,37,1,53,100,15,63,90,154,48,6023,333,13,320,92,168
"background",623,623,163,224,117,214,35,0,72,105,8,26,105,159,58,4169,309,37,272,117,189
"background",624,624,103,210,4,145,18,8,19,47,29,39,30,181,43,8043,334,-82,416,136,47
"background",625,625,73,160,-8,437,65,8,49,183,40,47,170,162,45,6611,276,-78,354,-3,158
"background",626,626,57,161,-41,354,41,15,27,110,53,66,101,171,41,7877,288,-121,409,-31,157
"background",627,627,59,160,-33,357,41,13,30,122,49,62,112,168,42,7541,287,-106,393,-25,155
"background",628,628,86,190,-10,248,29,10,26,77,39,50,65,174,43,7777,320,-84,404,119,183
"background",629,629,190,244,149,163,36,0,93,94,2,7,94,158,61,3686,324,66,258,149,209
"background",630,630,97,193,7,351,60,7,58,159,29,32,159,174,44,7268,325,-62,387,7,189
"background",631,631,224,318,134,82,13,0,61,35,3,21,35,178,47,7250,419,44,375,134,249
"background",632,632,71,175,-23,288,33,11,29,95,41,53,85,169,42,7713,303,-97,400,-15,170
"background",633,633,147,261,39,116,15,6,25,37,23,27,35,162,39,8662,365,-43,408,60,187
"background",634,634,219,338,103,68,12,2,46,29,9,10,27,164,38,9200,439,14,425,129,313
"background",635,635,60,156,-25,344,40,12,29,115,48,58,105,157,42,7161,274,-95,369,-17,154
"background",636,636,173,243,114,327,63,2,81,178,11,20,167,149,51,5046,331,40,291,120,238
"background",637,637,201,268,144,73,16,0,68,32,2,27,28,172,57,4757,360,59,301,252,204
"background",638,638,137,201,88,341,58,1,66,161,12,69,161,149,55,4500,286,17,269,88,136
"background",639,639,99,180,22,1068,201,5,77,537,34,34,537,184,50,6251,317,-49,366,22,180
"background",640,640,104,175,43,1480,265,4,82,770,31,51,740,154,50,5279,288,-14,302,47,173
"background",641,641,186,299,78,97,15,3,39,37,14,21,37,163,39,8645,400,-8,408,100,227
"background",642,642,81,185,-14,260,31,9,32,90,35,46,82,173,42,7768,316,-88,404,-8,180
"background",643,643,64,151,-14,784,131,9,66,360,47,47,357,158,45,6536,270,-80,350,-5,151
"background",644,644,82,192,-22,238,30,14,24,78,43,61,43,179,41,8297,319,-108,427,116,-13
"background",645,645,82,191,-22,319,36,12,27,101,46,56,90,165,40,8271,313,-98,411,69,186
"background",646,646,226,318,137,75,12,0,59,33,2,19,33,183,48,7095,421,46,375,137,290
"background",647,647,140,181,98,618,129,2,90,334,7,12,334,130,59,3291,251,33,218,98,177
"background",648,648,94,202,-5,226,27,8,29,76,33,41,69,168,41,8072,327,-80,407,0,196
"background",649,649,91,200,-8,267,32,12,24,89,45,52,67,163,40,8120,321,-81,402,73,195
"background",650,650,129,210,64,393,69,1,61,178,33,75,159,138,46,5846,297,-1,298,66,137
"background",651,651,125,202,56,1100,211,2,86,585,19,19,569,174,51,5866,328,-12,340,60,202
"background",652,652,170,273,74,187,27,3,43,64,19,50,59,129,37,7869,361,15,346,87,202
"background",653,653,166,263,75,128,27,1,78,66,5,7,66,165,43,7415,369,-9,378,91,236
"background",654,654,174,277,78,101,18,1,60,47,7,13,47,156,41,7834,381,4,377,93,250
"background",655,655,140,243,45,203,27,5,38,68,26,53,64,149,40,7768,340,-26,366,59,171
"background",656,656,92,201,-7,221,26,8,29,69,31,41,63,175,42,8079,331,-83,414,124,195
"background",657,657,85,186,-7,291,30,14,19,89,57,67,86,163,42,7593,296,-88,384,5,114
"background",658,658,195,312,83,139,17,3,36,49,17,30,43,149,37,8931,409,11,398,104,237
"background",659,659,72,175,-21,280,31,10,27,86,43,55,77,174,43,7614,306,-96,402,-15,169
"background",660,660,148,229,73,1046,210,1,83,539,15,22,539,140,44,6212,331,14,317,73,228
"background",661,661,71,180,-34,281,34,13,23,88,47,55,73,167,40,8312,302,-111,413,62,174
"background",662,662,108,154,68,2045,351,9,74,1011,69,86,944,108,53,3429,222,21,201,72,151
"background",663,663,75,175,-17,238,24,15,13,66,50,63,54,166,43,7508,288,-98,386,58,30
"background",664,664,44,123,-22,824,142,13,70,386,48,55,386,134,44,5896,216,-83,299,-22,122
"background",665,665,59,141,-9,1115,181,8,67,509,55,58,499,142,44,6129,249,-69,318,-1,141
"background",666,666,104,182,35,1190,242,2,82,633,24,24,633,150,47,5955,292,-25,317,35,182
"background",667,667,108,182,42,1088,200,7,77,569,40,40,526,148,48,5589,298,-5,303,44,182
"background",668,668,228,343,114,56,10,1,51,25,6,10,23,163,39,8913,441,25,416,140,272
"background",669,669,72,178,-28,291,34,10,32,102,39,50,92,170,41,7990,306,-102,408,-18,172
"background",670,670,89,189,-4,228,26,8,24,71,38,46,58,168,43,7512,313,-76,389,120,183
"background",671,671,105,207,9,149,17,9,21,46,29,32,46,191,46,7696,333,-80,413,9,201
"background",672,672,217,293,144,60,12,0,67,31,1,22,21,163,51,5796,379,61,318,273,232
"background",673,673,108,214,10,268,30,9,23,82,49,62,73,168,42,7942,325,-71,396,25,141
"background",674,674,123,207,51,617,114,2,81,317,14,24,310,141,44,6300,305,-12,317,57,206
"background",675,675,89,193,-5,181,21,9,24,58,33,37,58,176,43,7766,316,-87,403,-5,188
"background",676,676,112,221,10,139,17,6,24,46,24,29,36,181,42,8243,348,-73,421,147,215
"background",677,677,126,232,26,209,23,7,23,63,39,49,55,172,43,8025,343,-57,400,43,160
"background",678,678,227,320,136,71,12,0,59,30,4,18,29,171,46,7249,416,48,368,152,255
"background",679,679,125,205,60,408,72,2,58,182,32,84,161,136,46,5801,290,-3,293,62,133
"background",680,680,183,293,78,95,15,2,50,39,10,19,39,160,40,8408,395,-3,398,98,220
"background",681,681,53,137,-20,863,129,10,59,371,58,60,361,148,44,6343,249,-84,333,-11,137
"background",682,682,65,173,-39,288,35,14,23,89,49,57,76,170,41,8216,297,-117,414,101,168
"background",683,683,65,168,-28,327,38,11,30,111,45,57,101,169,42,7625,295,-102,397,-20,162
"background",684,684,154,232,79,391,76,1,84,200,5,11,200,154,46,6096,346,18,328,79,232
"background",685,685,171,255,84,173,34,0,79,94,3,3,87,164,46,6712,365,11,354,104,255
"background",686,686,129,197,77,656,133,0,94,372,4,14,361,123,47,4804,276,19,257,78,190
"background",687,687,84,189,-11,215,23,9,25,66,34,42,63,172,42,7844,313,-90,403,-5,184
"background",688,688,106,214,5,250,26,11,18,70,52,60,60,175,42,8152,331,-83,414,53,140
"background",689,689,91,203,-13,237,29,9,26,76,37,46,61,171,40,8388,331,-91,422,126,197
"background",690,690,96,195,7,202,31,8,42,78,28,30,78,170,44,7391,314,-72,386,7,191
"background",691,691,62,163,-28,290,33,12,25,93,46,56,84,164,42,7485,285,-101,386,-21,159
"background",692,692,96,203,-2,194,23,10,20,62,36,42,47,178,43,8005,330,-83,413,126,198
"background",693,693,156,218,107,252,46,0,73,128,10,30,128,157,57,4310,301,28,273,107,185
"background",694,694,104,212,2,208,20,14,10,59,46,52,46,179,42,8153,331,-87,418,94,10
"background",695,695,164,241,83,274,56,0,85,143,3,3,143,157,47,6211,352,21,331,83,241
"background",696,696,76,190,-33,242,31,15,21,79,51,58,52,158,38,8638,307,-108,415,113,184
"background",697,697,99,206,-1,146,16,7,19,43,27,43,30,178,43,8040,326,-87,413,179,44
"background",698,698,125,198,60,1176,226,2,85,627,19,33,611,172,52,5534,321,-8,329,63,198
"background",699,699,116,201,44,963,177,3,81,484,19,27,484,150,46,6333,306,-20,326,50,200
"background",700,700,84,188,-12,252,31,8,32,88,33,44,80,175,43,7793,319,-87,406,-6,182
"background",701,701,122,236,14,127,14,6,22,39,23,34,30,172,40,8644,348,-73,421,228,61
"background",702,702,166,253,82,380,69,0,83,194,3,3,189,160,45,6774,370,21,349,97,253
"background",703,703,149,240,69,315,44,2,50,130,30,52,126,156,45,6799,341,-1,342,77,170
"background",704,704,143,173,112,398,81,0,89,225,2,9,217,126,64,2417,240,44,196,116,168
"background",705,705,182,294,76,126,16,3,35,41,15,31,37,146,38,8519,388,4,384,94,220
"background",706,706,120,195,62,605,114,1,89,327,6,17,317,119,44,5345,276,9,267,63,189
"background",707,707,50,158,-52,341,39,22,17,102,69,80,85,160,39,8208,279,-129,408,81,154
"background",708,708,40,122,-27,725,113,12,56,321,59,59,296,137,44,5992,223,-86,309,-21,122
"background",709,709,163,239,86,480,110,1,87,261,6,9,261,135,43,6042,343,36,307,86,238
"background",710,710,91,190,-1,230,26,8,25,71,37,46,59,168,43,7414,313,-73,386,122,183
"background",711,711,151,231,77,273,50,1,82,142,4,4,140,181,50,6155,357,1,356,89,231
"background",712,712,111,146,76,1123,201,4,81,566,22,35,559,109,58,2715,213,28,185,82,144
"background",713,713,50,155,-50,330,40,18,22,100,61,72,87,171,41,7974,281,-131,412,81,151
"background",714,714,224,308,144,64,11,0,64,26,1,23,26,176,50,6392,403,57,346,283,243
"background",715,715,70,177,-30,307,33,19,14,93,66,68,73,166,40,8063,294,-111,405,55,172
"background",716,716,84,189,-17,255,26,17,13,75,52,64,52,185,43,7993,313,-109,422,72,-17
"background",717,717,201,314,92,76,11,2,41,29,9,19,27,166,40,8659,415,2,413,114,241
"background",718,718,147,193,99,459,96,1,87,245,5,9,245,118,54,3689,260,43,217,99,190
"background",719,719,40,145,-57,389,44,23,20,114,73,87,107,160,40,7878,265,-133,398,-45,141
"background",720,720,218,296,145,54,12,0,74,28,1,22,18,172,52,5873,387,58,329,275,233
"background",721,721,169,275,71,131,18,2,47,51,13,29,50,155,40,7996,376,-5,381,87,202
"background",722,722,106,207,12,231,31,7,38,88,28,33,85,171,43,7626,333,-62,395,18,202
"background",723,723,140,224,66,1066,190,4,80,518,19,31,518,148,45,6338,332,9,323,66,223
"background",724,724,44,147,-47,405,41,30,10,117,94,94,98,167,42,7646,264,-131,395,22,147
"background",725,725,108,207,17,223,33,6,47,92,29,35,92,146,40,7455,305,-53,358,30,182
"background",726,726,61,153,-23,245,34,11,33,92,42,47,92,163,44,6876,263,-100,363,-23,116
"background",727,727,69,176,-33,327,37,16,22,101,55,63,88,162,40,8130,294,-108,402,56,171
"background",728,728,101,207,4,208,24,7,30,71,29,36,66,170,42,7923,331,-71,402,9,201
"background",729,729,133,239,34,190,20,7,25,59,35,46,53,167,42,7997,346,-47,393,51,167
"background",730,730,163,228,112,194,27,0,58,78,4,48,76,165,57,4540,321,34,287,114,162
"background",731,731,131,204,65,1026,216,2,89,555,12,12,555,156,49,5563,318,3,315,65,204
"background",732,732,215,297,140,98,16,0,59,44,2,22,44,183,52,6134,397,49,348,140,268
"background",733,733,53,158,-41,351,35,26,11,103,79,84,80,170,42,7815,276,-127,403,34,-31
"background",734,734,60,154,-24,308,34,12,25,94,50,61,82,164,44,6962,274,-94,368,-17,150
"background",735,735,71,170,-19,245,28,16,16,76,53,57,56,176,44,7416,296,-102,398,54,167
"background",736,736,92,196,-5,220,21,15,10,60,48,57,51,172,42,7868,312,-90,402,41,42
"background",737,737,80,173,-7,402,54,9,44,158,39,48,148,159,43,7063,292,-75,367,0,171
"background",738,738,181,291,78,130,17,3,37,43,16,33,40,142,37,8340,384,9,375,96,218
"background",739,739,128,212,57,1357,241,6,79,663,30,43,663,139,44,6255,310,-1,311,57,210
"background",740,740,106,212,8,195,23,7,30,67,27,33,64,171,42,7962,336,-68,404,13,206
"background",741,741,66,165,-22,295,34,11,27,97,44,53,89,162,42,7366,286,-94,380,-15,162
"background",742,742,95,202,-6,242,24,16,12,68,53,60,53,184,43,8069,324,-99,423,84,-6
"background",743,743,148,219,86,536,106,1,85,275,7,12,275,132,47,5287,313,33,280,86,215
"background",744,744,105,176,42,1339,239,6,77,681,44,57,641,150,50,5361,284,-14,298,45,175
"background",745,745,196,308,91,130,17,2,39,44,14,31,40,131,35,8503,395,27,368,109,235
"background",746,746,144,170,123,394,82,0,98,230,1,14,224,93,62,1900,218,68,150,123,160
"background",747,747,186,292,83,86,16,1,58,41,7,13,41,164,41,8217,397,0,397,83,222
"background",748,748,215,314,121,98,18,1,52,38,5,28,32,154,42,7625,405,44,361,311,244
"background",749,749,138,215,75,339,53,1,58,152,31,64,143,144,48,5529,302,6,296,78,183
"background",750,750,129,244,19,121,13,6,19,36,23,32,28,178,41,8776,359,-72,431,236,66
"background",751,751,70,164,-19,220,29,10,30,79,39,45,79,170,45,7106,278,-98,376,-19,125
"background",752,752,103,212,3,152,17,6,24,47,25,30,43,180,43,8156,338,-79,417,138,205
"background",753,753,166,257,81,797,152,4,77,398,26,26,398,144,41,6996,365,22,343,81,257
"background",754,754,93,198,0,348,41,11,25,110,60,79,98,156,41,7776,304,-73,377,11,123
"background",755,755,12,88,-48,632,106,15,60,282,59,73,276,114,41,5523,170,-102,272,-43,59
"background",756,756,101,209,2,197,21,7,26,63,30,37,60,173,42,8089,334,-76,410,7,203
"background",757,757,121,187,71,443,81,1,72,219,12,97,219,140,53,4588,269,8,261,71,121
"background",758,758,138,238,47,259,38,5,41,86,29,70,80,131,38,7508,326,-12,338,58,165
"background",759,759,189,243,147,172,38,0,91,98,2,8,98,158,61,3716,323,64,259,150,208
"background",760,760,118,225,18,166,20,8,23,52,33,41,48,154,40,8096,327,-57,384,35,152
"background",761,761,185,280,98,178,24,1,48,68,15,34,68,170,45,7197,389,18,371,98,211
"background",762,762,79,188,-22,250,30,17,19,79,51,61,51,171,41,8168,309,-103,412,112,-22
"background",763,763,145,197,93,453,92,2,88,241,7,11,241,147,55,4091,288,25,263,93,193
"background",764,764,35,117,-34,527,86,16,58,232,52,52,232,140,44,6075,213,-100,313,-34,117
"background",765,765,225,318,136,71,14,0,66,32,4,18,29,169,46,7185,414,49,365,149,249
"background",766,766,156,260,60,161,23,3,45,64,17,34,62,153,40,7856,360,-14,374,75,187
"background",767,767,49,155,-50,355,42,22,20,107,68,82,93,159,39,7971,274,-125,399,79,151
"background",768,768,196,256,149,108,21,0,74,58,1,10,58,169,60,4074,349,68,281,149,220
"background",769,769,94,202,-6,213,25,7,31,66,29,39,61,176,42,8069,333,-82,415,127,195
"background",770,770,118,203,42,975,175,4,80,493,30,30,486,166,47,6430,327,-20,347,47,203
"background",771,771,182,281,88,83,15,1,61,38,7,11,38,163,42,7629,388,7,381,104,255
"background",772,772,73,181,-32,318,37,12,29,101,44,57,90,172,41,8250,308,-110,418,63,176
"background",773,773,116,223,15,122,15,6,22,40,23,28,31,177,43,8086,343,-67,410,152,216
"background",774,774,180,251,120,121,22,1,55,44,6,41,44,167,54,5078,342,38,304,232,186
"background",775,775,88,180,7,308,54,8,60,142,28,28,142,150,43,6812,281,-65,346,7,180
"background",776,776,190,296,91,153,22,2,43,52,15,40,48,130,37,8054,382,31,351,107,224
"background",777,777,114,224,14,130,17,7,23,44,25,35,26,180,43,8190,346,-72,418,149,57
"background",778,778,114,192,46,731,131,7,70,369,39,39,341,149,47,5858,309,-3,312,47,192
"background",779,779,119,160,82,1411,258,3,81,720,30,43,713,97,53,3092,219,36,183,86,157
"background",780,780,119,188,59,1278,242,3,85,678,21,37,659,166,53,5173,306,-7,313,62,187
"background",781,781,180,279,86,84,15,1,54,38,6,10,38,163,43,7606,386,7,379,102,253
"background",782,782,170,256,83,322,63,0,84,172,3,3,163,152,44,6812,364,24,340,101,256
"background",783,783,229,320,138,67,11,0,55,28,3,10,28,175,46,7186,418,44,374,156,259
"background",784,784,66,150,-6,1186,206,9,74,571,49,53,564,146,44,6299,256,-71,327,3,150
"background",785,785,99,181,34,795,154,3,86,435,18,38,416,135,45,5916,269,-30,299,36,177
"background",786,786,180,296,71,161,20,4,33,56,21,35,49,155,38,8792,396,-4,400,91,221
"background",787,787,73,179,-25,305,33,20,15,95,67,69,71,160,40,7979,293,-101,394,55,175
"background",788,788,80,174,-7,402,53,9,43,157,40,49,146,157,42,7109,291,-75,366,0,172
"background",789,789,145,204,94,530,105,0,91,302,2,11,283,142,53,4365,292,26,266,98,200
"background",790,790,111,217,12,155,18,8,24,50,29,31,50,186,44,7959,343,-75,418,17,210
"background",791,791,36,121,-37,570,82,17,42,228,64,64,208,144,43,6341,233,-96,329,-30,121
"background",792,792,51,137,-24,488,67,14,40,186,54,54,173,151,44,6457,253,-86,339,-17,137
"background",793,793,165,245,84,502,100,1,85,258,8,8,254,144,44,6363,354,28,326,88,245
"background",794,794,165,246,84,204,37,0,78,104,2,2,104,161,47,6392,358,19,339,101,246
"background",795,795,135,220,64,1334,235,6,79,653,27,41,649,137,44,6317,317,6,311,70,218
"background",796,796,216,291,144,63,12,0,66,31,1,23,22,159,50,5727,374,62,312,272,232
"background",797,797,70,175,-26,326,36,20,17,104,67,71,77,154,39,7907,289,-98,387,50,172
"background",798,798,109,194,30,1374,230,6,74,665,45,45,646,163,46,6517,312,-36,348,35,194
"background",799,799,67,177,-37,264,36,16,24,88,55,66,58,168,40,8265,303,-114,417,102,171
"background",800,800,171,280,68,123,18,3,40,46,17,28,45,164,41,8289,381,-16,397,88,209
"background",801,801,164,242,84,312,60,1,80,158,5,5,158,148,46,6199,350,29,321,84,242
"background",802,802,87,170,12,1234,204,7,72,590,47,47,573,162,47,6303,288,-55,343,18,170
"background",803,803,235,351,120,48,9,1,45,22,5,8,20,163,38,9005,448,30,418,146,280
"background",804,804,155,267,50,123,17,5,32,42,22,27,42,159,39,8498,369,-30,399,70,241
"background",805,805,124,211,44,1475,248,6,75,716,45,45,697,161,46,6630,328,-22,350,49,211
"background",806,806,169,259,85,440,81,1,81,229,8,8,218,156,44,6907,364,14,350,98,259
"background",807,807,76,155,10,724,125,5,73,360,44,53,352,151,48,5860,251,-61,312,13,129
"background",808,808,95,202,-5,223,26,8,28,75,33,41,69,168,41,8068,327,-80,407,1,196
"background",809,809,73,180,-23,337,38,17,21,109,60,66,86,153,39,7980,295,-93,388,53,177
"background",810,810,165,272,64,128,16,4,33,43,20,33,40,166,42,8148,375,-19,394,82,202
"background",811,811,81,189,-18,301,31,17,15,85,64,74,67,174,42,8093,308,-104,412,184,-9
"background",812,812,72,174,-21,326,36,11,29,108,44,56,100,170,42,7616,303,-95,398,-15,168
"background",813,813,160,241,82,721,145,1,83,371,11,11,367,136,42,6315,345,26,319,88,241
"background",814,814,147,226,81,497,88,3,76,256,25,38,241,155,49,5721,327,13,314,88,196
"background",815,815,106,211,8,153,18,8,24,49,29,31,49,186,44,7871,337,-78,415,8,204
"background",816,816,112,150,78,1965,332,9,74,962,67,82,891,98,56,2849,205,30,175,82,146
"background",817,817,88,155,31,1433,254,8,75,724,52,65,675,140,50,4957,255,-23,278,35,153
"background",818,818,227,323,132,54,9,0,59,22,2,12,20,179,46,7541,424,43,381,291,255
"background",819,819,220,322,124,106,18,1,51,39,7,29,35,141,39,7817,409,53,356,318,252
"background",820,820,163,245,82,628,131,1,83,329,13,13,329,147,44,6453,352,22,330,82,245
"background",821,821,58,133,-2,1164,191,9,69,557,56,62,525,141,47,5513,237,-59,296,4,131
"background",822,822,71,182,-33,255,35,15,25,86,53,66,54,165,39,8321,307,-109,416,107,-14
"background",823,823,160,224,106,508,103,0,93,289,6,14,276,137,50,4658,307,38,269,110,218
"background",824,824,111,176,54,1671,298,3,82,867,32,53,832,140,50,4893,280,1,279,57,175
"background",825,825,109,214,13,194,23,9,24,62,36,48,59,152,40,7861,315,-60,375,28,140
"background",826,826,69,171,-22,289,32,20,16,92,64,67,65,159,41,7601,285,-97,382,49,25
"background",827,827,155,244,73,266,47,1,74,134,11,19,129,163,46,6778,351,-3,354,84,244
"background",828,828,103,211,3,173,21,8,23,57,30,37,42,180,43,8130,339,-78,417,136,206
"background",829,829,155,240,74,561,101,1,82,278,7,7,278,158,45,6577,357,13,344,74,240
"background",830,830,73,173,-19,282,31,11,25,85,45,56,76,169,43,7492,300,-92,392,-13,167
"background",831,831,148,259,43,129,17,6,30,43,24,29,42,158,39,8456,360,-36,396,62,233
"background",832,832,139,175,101,482,99,2,88,258,7,10,258,124,60,2909,244,38,206,101,170
"background",833,833,179,254,114,282,58,2,81,154,11,19,145,161,50,5490,355,38,317,121,249
"background",834,834,147,211,88,568,115,1,86,298,7,12,298,140,50,4830,306,29,277,88,207
"background",835,835,168,274,69,166,24,4,41,55,19,46,51,138,38,8027,365,4,361,84,201
"background",836,836,171,247,105,197,30,1,56,84,13,47,82,164,51,5579,342,25,317,110,180
"background",837,837,166,265,76,128,25,1,75,65,6,8,64,159,42,7435,367,-3,370,91,238
"background",838,838,219,320,124,89,17,1,54,35,5,26,29,156,42,7706,411,46,365,317,250
"background",839,839,182,271,93,202,37,0,79,106,3,3,93,151,43,7023,374,26,348,110,271
"background",840,840,97,197,5,250,35,8,41,97,29,35,94,170,43,7479,323,-67,390,12,193
"background",841,841,120,227,21,169,20,8,23,53,33,42,50,155,40,8048,330,-55,385,38,154
"background",842,842,206,310,108,93,15,1,47,35,8,27,29,159,41,7959,410,28,382,305,241
"background",843,843,100,181,29,1031,180,5,77,522,37,46,504,164,48,6084,304,-32,336,34,181
"background",844,844,66,173,-34,343,38,16,22,106,57,65,94,160,40,8067,291,-109,400,53,168
"background",845,845,66,177,-39,262,33,15,21,84,51,59,62,166,39,8371,300,-116,416,102,171
"background",846,846,91,198,-7,241,29,7,30,81,32,42,72,172,42,7950,326,-82,408,-2,191
"background",847,847,37,123,-35,556,78,16,41,218,62,62,200,144,43,6331,235,-95,330,-28,123
"background",848,848,152,208,90,443,101,1,90,246,6,9,246,126,49,4657,289,35,254,90,205
"background",849,849,142,224,71,1154,223,3,81,586,20,29,586,141,44,6138,324,10,314,71,222
"background",850,850,159,251,75,235,46,2,82,130,8,8,122,144,42,6985,344,4,340,87,251
"background",851,851,94,172,24,709,126,8,64,344,48,48,308,152,47,5930,289,-31,320,26,172
"background",852,852,197,280,122,120,20,0,54,45,5,40,45,174,51,6187,379,38,341,122,212
"background",853,853,77,178,-16,183,21,11,17,56,38,50,38,184,44,7549,305,-105,410,105,-9
"background",854,854,170,256,81,215,42,0,85,117,2,2,111,154,44,6860,364,18,346,101,256
"background",855,855,83,189,-18,260,33,10,31,82,38,49,74,150,38,8038,304,-83,387,116,183
"background",856,856,97,190,11,272,46,8,56,123,30,30,123,182,47,7020,315,-70,385,11,190
"background",857,857,150,234,77,374,62,2,64,177,25,50,169,160,48,6246,339,7,332,85,206
"background",858,858,62,144,-12,831,146,10,63,398,57,57,359,142,44,6194,253,-69,322,-6,144
"background",859,859,139,242,46,232,35,5,42,77,26,64,74,137,39,7692,332,-19,351,58,168
"background",860,860,131,236,34,189,21,7,27,60,33,46,56,162,41,7920,341,-45,386,50,165
"background",861,861,77,167,-8,320,49,7,45,131,34,44,120,165,45,6867,291,-75,366,-3,164
"background",862,862,147,258,42,206,26,5,29,68,32,45,57,167,41,8412,366,-38,404,61,185
"background",863,863,114,193,53,753,139,2,85,389,9,21,381,169,51,5694,312,-16,328,56,191
"background",864,864,46,128,-20,1253,215,13,72,596,57,64,590,130,43,6005,215,-81,296,-9,126
"background",865,865,45,133,-30,548,85,16,54,235,58,58,233,148,44,6523,235,-100,335,-20,133
"background",866,866,101,180,38,1164,214,3,81,596,24,37,583,149,47,5782,289,-22,311,44,178
"background",867,867,102,209,3,202,23,7,28,67,30,37,62,170,41,8031,333,-73,406,8,203
"background",868,868,108,210,14,226,31,7,41,87,27,32,85,171,43,7631,334,-59,393,21,205
"background",869,869,147,221,78,835,181,1,91,465,9,9,465,162,50,5705,336,13,323,78,221
"background",870,870,101,154,55,1652,287,7,76,825,52,67,774,121,53,3916,233,5,228,59,151
"background",871,871,183,271,96,161,29,0,76,85,3,3,74,147,43,6898,369,29,340,114,271
"background",872,872,177,252,113,289,60,2,80,158,10,18,149,161,50,5429,353,37,316,120,247
"background",873,873,117,202,44,800,152,3,82,413,15,27,409,143,44,6353,301,-20,321,50,201
"background",874,874,39,115,-21,683,124,11,71,328,37,52,324,115,42,5550,197,-75,272,-18,113
"background",875,875,146,228,70,887,175,3,83,459,15,22,459,152,46,6280,339,9,330,70,227
"background",876,876,93,204,-9,242,30,9,26,79,37,46,62,170,40,8283,331,-86,417,80,198
"background",877,877,192,306,85,146,19,3,38,51,16,34,45,134,35,8640,395,22,373,103,230
"background",878,878,202,308,103,161,21,2,42,56,14,38,52,143,39,8078,396,33,363,119,236
"background",879,879,226,328,127,79,15,0,61,30,3,20,28,164,43,7913,421,42,379,325,260
"background",880,880,87,168,22,696,128,4,79,352,20,33,348,127,43,5906,258,-33,291,24,166
"background",881,881,71,158,-10,392,53,10,39,146,43,54,136,165,45,6633,282,-79,361,-4,156
"background",882,882,94,201,-4,200,21,8,25,61,31,39,58,174,42,7992,326,-83,409,2,195
"background",883,883,228,317,141,86,15,0,56,35,3,33,30,162,46,6959,408,61,347,289,252
"background",884,884,68,166,-22,260,26,18,12,72,56,68,64,162,42,7354,276,-101,377,14,24
"background",885,885,62,164,-29,294,33,12,26,95,46,56,88,164,42,7579,286,-102,388,-22,160
"background",886,886,103,206,7,144,16,9,20,44,29,32,44,194,46,7724,334,-84,418,7,199
"background",887,887,219,314,127,91,13,0,51,34,4,19,34,173,45,7348,414,37,377,127,249
"background",888,888,113,219,14,123,16,8,22,41,25,31,29,181,43,8001,342,-71,413,148,57
"background",889,889,64,143,0,618,112,8,72,300,29,29,300,133,44,5810,235,-61,296,2,143
"background",890,890,89,176,8,524,87,8,58,242,42,47,220,164,46,6615,298,-57,355,12,174
"background",891,891,101,182,28,1066,178,5,71,498,40,40,488,156,46,6197,297,-35,332,34,182
"background",892,892,227,329,126,107,16,1,53,39,6,25,39,160,42,8021,423,45,378,126,263
"background",893,893,159,246,81,308,48,2,57,137,25,40,131,162,47,6570,352,9,343,90,219
"background",894,894,120,229,19,120,16,7,22,41,24,30,26,179,43,8192,351,-65,416,156,62
"background",895,895,42,121,-20,870,151,12,71,411,44,54,404,130,44,5759,210,-80,290,-20,119
"background",896,896,146,200,90,685,152,1,90,379,7,11,379,131,52,4353,282,34,248,90,197
"background",897,897,89,154,34,1435,255,9,74,728,56,71,671,129,49,4799,250,-13,263,38,152
"background",898,898,106,211,8,194,23,7,30,67,27,33,64,172,42,7902,335,-68,403,14,205
"background",899,899,66,158,-17,296,32,13,24,89,49,61,76,158,43,6912,279,-82,361,89,155
"background",900,900,73,159,-8,480,79,9,54,216,43,49,193,160,45,6592,277,-76,353,-3,158
"background",901,901,130,217,60,360,64,1,80,183,7,14,176,117,40,6264,300,8,292,64,213
"background",902,902,93,160,36,1251,223,9,73,636,53,67,580,131,48,4960,260,-10,270,40,159
"background",903,903,222,311,137,110,21,0,65,55,4,20,49,172,47,6865,410,50,360,150,285
"background",904,904,171,257,88,375,69,0,80,195,4,4,184,159,45,6647,366,20,346,104,257
"background",905,905,199,283,123,119,19,0,57,44,5,39,44,174,50,6251,382,39,343,257,215
"background",906,906,101,208,1,147,17,6,22,46,26,42,32,165,41,8072,320,-80,400,202,47
"background",907,907,153,235,76,271,50,1,81,140,4,4,139,179,50,6297,360,2,358,89,235
"background",908,908,204,309,107,163,24,2,45,55,13,41,53,137,38,7966,395,40,355,121,237
"background",909,909,121,232,16,163,19,6,26,53,25,31,42,185,43,8422,363,-66,429,112,225
"background",910,910,169,254,86,209,41,1,82,115,3,3,109,172,47,6616,371,11,360,103,254
"background",911,911,124,199,55,1354,247,5,79,702,39,50,675,154,48,5725,315,-1,316,58,198
"background",912,912,138,220,69,716,138,2,90,400,11,25,380,150,47,5970,316,0,316,75,216
"background",913,913,92,198,-5,212,25,8,26,67,34,42,59,172,42,7881,325,-79,404,0,191
"background",914,914,95,205,-10,239,31,7,38,88,27,37,80,153,38,8329,324,-72,396,-1,199
"background",915,915,187,276,99,180,34,0,76,96,3,3,83,148,43,6956,375,33,342,116,276
"background",916,916,150,256,52,161,19,5,30,52,26,41,48,163,42,7974,359,-27,386,68,185
"background",917,917,81,184,-13,204,24,12,17,64,41,47,49,177,43,7715,310,-95,405,109,180
"background",918,918,99,206,0,227,27,7,31,75,30,40,67,174,42,8023,335,-75,410,4,199
"background",919,919,92,192,1,227,25,8,26,70,37,46,58,169,43,7434,315,-72,387,123,185
"background",920,920,103,211,3,250,26,12,17,70,53,61,60,177,42,8109,329,-86,415,52,138
"background",921,921,145,218,76,892,195,1,91,498,9,9,498,159,49,5652,332,13,319,76,218
"background",922,922,174,242,118,145,21,1,52,56,7,42,56,165,55,4842,332,36,296,118,177
"background",923,923,97,203,-1,271,28,13,16,76,56,64,69,174,42,7964,319,-89,408,14,130
"background",924,924,111,219,11,129,17,8,24,44,27,33,28,179,43,8119,342,-73,415,145,54
"background",925,925,171,277,72,113,17,2,48,47,11,22,46,156,40,8042,380,-3,383,89,204
"background",926,926,83,188,-17,254,26,18,12,76,56,62,56,173,42,7998,307,-102,409,70,-8
"background",927,927,131,212,59,1429,276,2,82,732,24,24,730,146,45,6173,319,0,319,64,212
"background",928,928,68,147,-1,814,143,10,66,395,54,57,360,146,46,5918,258,-57,315,4,147
"background",929,929,118,202,40,979,183,5,80,506,32,32,497,172,48,6476,333,-21,354,44,202
"background",930,930,68,172,-22,288,31,12,24,87,45,55,81,167,42,7642,296,-97,393,48,168
"background",931,931,66,168,-27,304,35,12,28,100,45,56,89,176,43,7584,299,-105,404,-19,162
"background",932,932,174,277,78,174,25,3,42,59,17,46,53,134,38,7836,364,16,348,91,205
"background",933,933,109,215,10,135,15,7,16,40,29,33,38,186,44,7963,337,-81,418,30,54
"background",934,934,76,185,-30,306,36,11,29,98,42,53,87,172,41,8306,312,-107,419,66,179
"background",935,935,221,302,143,73,13,0,59,33,2,26,26,159,48,6222,387,62,325,279,240
"background",936,936,212,312,119,110,20,1,52,43,6,32,35,145,41,7576,400,47,353,308,241
"background",937,937,89,199,-15,247,25,14,19,73,46,64,46,183,42,8289,323,-106,429,77,-6
"background",938,938,63,154,-20,245,35,11,36,94,42,45,94,161,44,6831,263,-97,360,-20,118
"background",939,939,142,211,79,367,69,1,86,197,4,12,191,190,55,5235,336,-4,340,88,210
"background",940,940,164,248,82,730,150,1,85,378,12,12,378,142,42,6557,354,23,331,82,248
"background",941,941,172,267,88,218,29,1,47,83,18,44,81,158,44,7068,368,16,352,99,196
"background",942,942,38,132,-45,376,42,15,25,121,59,71,110,159,43,7004,252,-116,368,-37,129
"background",943,943,200,258,155,104,19,0,80,55,1,9,55,166,60,3941,348,73,275,155,222
"background",944,944,101,204,6,151,18,9,24,49,29,32,49,191,46,7686,332,-83,415,6,197
"background",945,945,164,243,85,533,113,1,85,279,9,9,277,137,43,6258,349,31,318,90,243
"background",946,946,104,186,35,774,149,3,86,421,19,38,405,141,45,6045,278,-30,308,39,183
"background",947,947,65,175,-40,267,35,17,23,87,55,66,60,166,39,8328,301,-117,418,100,169
"background",948,948,68,170,-25,308,35,11,29,101,44,56,91,173,43,7593,301,-100,401,-18,165
"background",949,949,95,158,40,1570,279,8,76,797,53,67,745,136,51,4715,254,-12,266,44,156
"background",950,950,114,221,15,122,15,5,24,41,22,27,31,175,42,8037,341,-66,407,150,214
"background",951,951,42,122,-21,589,101,10,65,274,45,61,272,120,42,5865,208,-75,283,-20,94
"background",952,952,100,165,46,1636,285,4,78,827,40,61,780,138,50,4753,265,-6,271,50,163
"background",953,953,91,197,-10,255,25,16,12,71,56,63,56,184,43,8049,319,-103,422,79,-10
"background",954,954,81,163,11,1222,227,5,77,608,37,43,608,143,45,6136,270,-47,317,11,163
"background",955,955,70,175,-28,315,32,21,12,89,68,78,70,178,42,7917,296,-118,414,54,-18
"background",956,956,174,283,71,116,15,3,40,41,15,30,38,165,41,8289,385,-14,399,91,211
"background",957,957,76,178,-19,264,26,19,11,76,58,67,59,170,42,7705,294,-103,397,61,-10
"background",958,958,61,139,1,785,145,7,76,391,26,41,391,122,44,5622,223,-54,277,1,137
"background",959,959,65,169,-35,322,39,16,25,99,54,67,90,149,38,7945,281,-102,383,96,165
"background",960,960,120,186,61,1599,286,3,82,832,29,49,803,138,49,4952,288,11,277,65,185
"background",961,961,146,236,67,259,47,2,79,136,9,9,130,137,42,6762,327,4,323,76,236
"background",962,962,164,273,62,126,19,3,44,48,16,28,48,159,40,8289,374,-19,393,81,201
"background",963,963,147,201,99,464,90,0,90,261,2,11,246,152,56,4019,293,26,267,105,197
"background",964,964,134,219,64,473,89,1,86,257,9,20,243,135,43,6196,308,1,307,69,215
"background",965,965,106,215,5,194,22,7,28,64,28,36,60,171,41,8160,340,-72,412,10,208
"background",966,966,102,212,2,280,31,10,21,80,54,66,69,165,41,8220,324,-77,401,17,136
"background",967,967,83,159,21,1256,212,5,77,627,39,53,603,151,49,5591,270,-37,307,26,157
"background",968,968,64,177,-42,282,34,19,17,88,60,68,64,157,38,8518,295,-117,412,99,172
"background",969,969,69,173,-28,293,29,22,10,86,66,71,67,172,42,7830,290,-114,404,54,-18
"background",970,970,110,215,14,187,22,9,23,59,36,46,56,152,40,7892,316,-60,376,28,142
"background",971,971,174,262,89,196,39,1,81,107,3,3,103,168,46,6811,378,19,359,105,262
"background",972,972,116,195,44,1114,201,5,79,574,35,35,549,163,49,6036,319,-13,332,48,195
"background",973,973,216,322,116,106,18,1,49,40,8,31,32,139,38,8069,410,48,362,316,251
"background",974,974,72,181,-32,294,35,14,23,92,49,58,77,166,40,8278,302,-109,411,63,176
"background",975,975,162,246,80,772,157,1,84,399,12,12,395,139,42,6536,351,22,329,85,246
"background",976,976,59,156,-29,362,37,19,17,107,74,85,103,159,42,7293,265,-107,372,-20,84
"background",977,977,62,142,-8,1176,202,14,66,574,74,75,522,140,44,6005,252,-60,312,-3,141
"background",978,978,64,153,-14,547,89,13,59,243,50,50,243,152,44,6642,258,-84,342,-5,153
"background",979,979,157,227,82,440,85,1,82,222,7,7,222,147,48,5757,333,28,305,82,227
"background",980,980,51,139,-27,477,59,13,37,172,53,65,158,150,43,6655,254,-93,347,-19,139
"background",981,981,154,245,72,264,48,1,75,134,11,19,130,160,45,6863,350,-2,352,83,217
"background",982,982,126,172,89,973,199,3,88,519,12,17,519,119,56,3374,242,33,209,89,167
"background",983,983,107,210,13,187,27,7,39,73,29,33,73,154,41,7674,311,-63,374,13,184
"background",984,984,107,217,5,136,16,6,22,43,24,39,29,169,41,8246,330,-78,408,210,51
"background",985,985,49,127,-13,569,101,11,67,268,36,47,268,130,44,5732,217,-73,290,-13,127
"background",986,986,163,223,111,439,91,0,95,254,4,11,243,144,53,4390,307,38,269,117,218
"background",987,987,100,202,8,244,28,10,26,79,43,59,76,154,41,7631,304,-67,371,20,129
"background",988,988,131,234,39,219,28,6,36,74,30,57,69,149,40,7670,331,-33,364,51,162
